----t=907----.
69169
480249
389376
280900
222784
109561
338724
373321
305809
378225
380689
319225
330625
216225
376996
368449
184041
94249
241081
427716
323761
444889
249001
450241
352836
350464
363609
60516
181476
15376
273529
310249
352836
252004
22201
302500
180625
316969
375769
352836
56169
305809
469225
257049
28561
471969
167281
318096
11881
15876
199809
379456
252004
270400
326041
298116
283024
349281
281961
506944
476100
474721
181476
120409
315844
254016
287296
324900
169744
410881
346921
354025
0
61504
87025
257049
300304
51984
268324
346921
264196
60025
290521
310249
143641
251001
0
270400
196249
10609
289444
178929
129600
291600
313600
20736
351649
21316
162409
422500
367236
218089
260100
249001
95481
289
10609
130321
364816
258064
278784
202500
360000
183184
12321
143641
54289
342225
12321
63001
294849
272484
202500
573049
91809
372100
9604
310249
286225
356409
210681
44944
310249
138384
18225
372100
90000
275625
269361
85264
54756
247009
343396
219024
77841
51529
0
251001
131769
379456
362404
372100
355216
318096
142129
78400
185761
110889
304704
6889
348100
225625
310249
88804
328329
10000
262144
349281
110224
65536
261121
346921
257049
31329
349281
228484
318096
53361
77284
224676
0
18769
4624
268324
115600
6241
165649
271441
119025
0
237169
312481
0
82369
301401
328329
0
277729
103684
117649
261121
729
21904
239121
221841
417316
3249
314721
145161
188356
418609
369664
298116
56644
1849
25600
328329
342225
409600
9216
263169
106929
0
269361
350464
184900
178084
172225
311364
254016
304704
283024
381924
130321
362404
20164
39204
190096
343396
4096
336400
263169
52900
99225
335241
364816
158404
386884
287296
164836
321489
14641
0
188356
335241
225625
280900
321489
0
180625
362404
262144
320356
34969
355216
0
13456
267289
21316
62001
366025
288369
346921
386884
60516
389376
121801
142129
99225
329476
1369
0
228484
383161
27889
121104
255025
300304
318096
243049
39601
0
0
259081
271441
85264
0
258064
80089
40401
221841
234256
356409
190096
110889
9409
213444
0
287296
173889
379456
75625
308025
0
168921
7225
315844
161604
114244
246016
344569
222784
229441
84100
94864
478864
80656
100
385641
232324
288369
0
256036
450241
10816
159201
393129
369664
90601
326041
306916
0
61009
228484
0
61009
280900
90000
29241
86436
50625
113569
75625
159201
326041
0
9801
173889
0
443556
253009
270400
3025
318096
59536
223729
108241
290521
66049
119025
248004
0
75625
360000
378225
183184
191844
161604
233289
55225
29241
274576
3844
183184
9
341056
334084
68644
276676
239121
112225
181476
284089
96721
346921
192721
99225
70225
47524
209764
337561
23716
64009
271441
0
279841
319225
265225
247009
334084
224676
0
61009
162409
268324
342225
251001
288369
0
272484
0
0
118336
334084
263169
108900
51076
279841
322624
349281
84681
230400
241081
7396
258064
285156
178929
235225
209764
0
105625
259081
221841
202500
236196
148225
190969
316969
0
1600
0
56644
94249
343396
43681
276676
288369
163216
9801
0
106929
322624
59536
765625
116964
351649
118336
188356
327184
45796
0
300304
0
168100
148225
206116
318096
162409
265225
2116
478864
372100
47961
9216
105625
0
379456
294849
246016
308025
367236
676
167281
26896
335241
108241
52441
191844
1369
60025
200704
93636
154449
111556
461041
244036
214369
264196
0
66564
293764
156816
2704
224676
30276
0
315844
429025
301401
178929
257049
13689
279841
5929
205209
288369
366025
0
101124
316969
434281
0
29241
330625
128881
209764
193600
163216
12769
256
98596
332929
258064
17689
164836
49284
128881
177241
277729
22201
134689
0
326041
245025
168921
107584
297025
53361
315844
247009
302500
0
295936
331776
113569
287296
9
219024
326041
117649
228484
0
135424
189225
169744
51076
108241
54289
285156
188356
0
320356
302500
350464
386884
28224
78400
142129
82369
2916
97344
265225
220900
149769
95481
254016
187489
86436
2116
0
188356
148225
189225
13924
263169
0
67081
58564
385641
0
143641
8836
0
253009
252004
330625
295936
58564
204304
256036
345744
326041
40401
174724
480249
8649
390625
119716
410881
251001
366025
484
165649
242064
102400
0
156025
0
219024
227529
25921
274576
45369
13456
255025
253009
299209
72900
49729
0
122500
109561
369664
212521
289444
190096
16641
258064
369664
273529
53361
23716
217156
43264
37249
139129
330625
214369
213444
0
81
425104
312481
0
209764
361
0
6400
129600
0
0
841
163216
253009
0
255025
324900
97344
2116
87025
115600
39601
330625
356409
64516
0
101761
114921
196249
13689
292681
0
0
151321
116964
305809
386884
121801
364816
314721
8100
386884
110889
269361
248004
0
160801
267289
128164
184900
59536
0
900
28224
363609
103684
676
262144
166464
114921
190096
269361
16129
240100
293764
59536
17424
269361
166464
0
201601
342225
1
0
25921
0
231361
242064
87616
47524
314721
228484
199809
223729
76729
130321
96721
55225
57600
289
0
91204
0
143641
334084
232324
35721
824464
262144
367236
84100
123201
65536
223729
168921
103684
1024
52900
323761
0
372100
0
17424
350464
269361
102400
147456
90000
264196
275625
223729
448900
0
211600
1521
102400
292681
470596
286225
173889
0
263169
47524
59049
222784
0
93025
220900
261121
369664
440896
11881
94249
0
318096
186624
220900
349281
360000
481636
478864
131044
358801
248004
326041
306916
50625
1849
352836
126736
376996
300304
273529
231361
13456
21609
232324
0
275625
0
484416
54756
4624
0
49729
184900
85264
57600
202500
82944
49284
0
154449
235225
0
41616
0
7921
0
0
0
4624
2704
82944
11449
94864
7921
93025
55225
178929
69169
133225
189225
252004
0
48841
265225
197136
0
286225
25600
364816
173889
14641
183184
461041
265225
182329
15625
259081
0
241081
0
185761
175561
218089
92416
0
0
338724
310249
452929
209764
329476
110224
285156
338724
338724
361
284089
123201
335241
146689
316969
240100
84681
104329
99225
105625
0
70756
102400
215296
0
361201
0
106276
183184
0
0
323761
322624
155236
0
91204
238144
32400
0
327184
217156
187489
226576
273529
171396
199809
10816
160000
319225
255025
236196
297025
0
318096
297025
9409
313600
277729
116964
0
88804
65536
313600
0
202500
41616
136161
168100
298116
3600
204304
1369
0
306916
0
18769
27225
0
215296
106276
152881
379456
78961
170569
25281
36
19881
226576
182329
299209
7744
327184
121801
39204
119025
65536
1681
338724
111556
429025
243049
