----t=563----.
0
121801
78400
34596
16384
0
56644
71289
43681
73441
74529
48841
53361
14641
72900
69169
7225
0
21609
96100
50625
104329
24025
106929
62500
61504
67081
0
6724
0
32041
45369
62500
24964
0
42436
6561
47961
72361
62500
0
43681
116281
26569
0
117649
4225
48400
0
0
10609
73984
24964
30976
51529
40804
35344
61009
34969
135424
119716
119025
6724
9
47524
25600
36864
51076
4624
88209
60025
63001
0
0
0
26569
41616
0
30276
60025
28900
0
38025
45369
1225
24649
0
30976
9801
0
37636
6241
256
38416
46656
0
62001
0
3481
93636
68644
15129
27556
24025
0
0
0
289
67600
26896
33856
11236
65536
7056
0
1225
0
58081
0
0
39601
31684
11236
170569
0
70756
0
45369
36481
64009
13225
0
45369
784
0
70756
0
32761
30625
0
0
23409
58564
15376
0
0
0
24649
361
73984
66564
70756
63504
48400
1089
0
7569
0
43264
0
60516
17161
45369
0
52441
0
28224
61009
0
0
27889
60025
26569
0
61009
17956
48400
0
0
16900
0
0
0
30276
0
0
3969
31329
1
0
20449
46225
0
0
42025
52441
0
33489
0
0
27889
0
0
21025
16129
91204
0
47089
1369
8100
91809
69696
40804
0
0
0
52441
58081
87616
0
28561
0
0
30625
61504
7396
6084
5041
45796
25600
43264
35344
75076
289
66564
0
0
8464
58564
0
55696
28561
0
0
55225
67600
2916
77284
36864
3844
49729
0
0
8100
55225
17161
34596
49729
0
6561
66564
28224
49284
0
63504
0
0
29929
0
0
68121
37249
60025
77284
0
78400
25
1089
0
52900
0
0
17956
75625
0
16
25921
41616
48400
22201
0
0
0
27225
31329
0
0
26896
0
0
16129
19600
64009
8464
0
0
13924
0
36864
5329
73984
0
44521
0
4489
0
47524
3364
0
23104
59049
16384
18225
0
0
121104
0
0
76729
19044
37249
0
26244
106929
0
3025
80089
69696
0
51529
44100
0
0
17956
0
0
34596
0
0
0
0
0
0
3025
51529
0
0
5329
0
103684
25281
30976
0
48400
0
16641
0
38025
0
1
23716
0
0
65536
73441
7056
8836
3364
19321
0
0
32400
0
7056
0
57600
54756
0
33124
21025
0
6724
35721
0
60025
9025
0
0
0
12996
56169
0
0
31329
0
34225
48841
29241
23409
54756
16900
0
0
3481
30276
58081
24649
37249
0
31684
0
0
0
54756
28561
0
0
34225
50176
61009
0
18496
21609
0
26896
36100
6241
19881
12996
0
0
27225
16129
11236
20164
1681
8649
47961
0
0
0
0
0
58564
0
33124
37249
3600
0
0
0
50176
0
281961
0
62001
0
8100
51984
0
0
41616
0
4356
1681
12100
48400
3481
29241
0
121104
70756
0
0
0
0
73984
39601
23104
44521
68644
0
4225
0
55225
0
0
8836
0
0
10816
0
2401
0
112225
22500
14161
28900
0
0
39204
2704
0
16900
0
0
47524
96721
42025
6241
26569
0
34225
0
11881
37249
68121
0
0
47961
99225
0
0
53361
225
12996
9216
3600
0
0
0
54289
26896
0
3844
0
225
5929
33489
0
529
0
51529
22801
4489
0
40401
0
47524
23409
42436
0
40000
53824
0
36864
0
15376
51529
0
17956
0
576
8281
4624
0
0
0
36100
8100
0
49284
42436
61504
77284
0
0
1089
0
0
0
29241
15876
1849
0
25600
7921
0
0
0
8100
1681
8281
0
28561
0
0
0
76729
0
1225
0
0
25281
24964
53361
40000
0
11664
26244
59536
51529
0
5476
121801
0
78961
4
88209
24649
68121
0
3969
21904
0
0
2601
0
15376
17689
0
32400
0
0
25921
25281
41209
0
0
0
36
0
69696
13689
37636
8464
0
26896
69696
32041
0
0
14884
0
0
841
53361
14161
13924
0
0
94864
46225
0
12996
0
0
0
256
0
0
0
3600
25281
0
25921
51076
0
0
0
0
0
53361
64009
0
0
0
0
9801
0
38809
0
0
2025
0
43681
77284
25
67600
47089
0
77284
0
30625
23716
0
3249
29929
196
7396
0
0
0
0
67081
0
0
28224
4096
0
8464
30625
0
21316
39204
0
0
30625
4096
0
11025
58081
0
0
0
0
18769
21904
0
0
47089
17956
10609
16641
0
289
0
0
0
0
0
0
0
1225
54756
19044
0
318096
28224
68644
0
49
0
16641
4489
0
0
0
50625
0
70756
0
0
61504
30625
0
1600
0
28900
32761
16641
106276
0
13456
0
0
38809
116964
36481
5329
0
28561
0
0
16384
0
0
15876
27889
69696
102400
0
0
0
48400
7744
15876
61009
65536
122500
121104
324
65025
23716
51529
44100
0
0
62500
144
72900
41616
32041
18769
0
0
19044
0
32761
0
123904
0
0
0
0
7396
0
0
11236
0
0
0
2401
19881
0
0
0
0
0
0
0
0
0
0
0
0
0
0
0
6241
0
441
8281
24964
0
0
29241
10000
0
36481
0
67600
5329
0
7056
112225
29241
6889
0
27225
0
21609
0
7569
5625
15129
0
0
0
56644
45369
108241
12996
52900
0
36100
56644
56644
0
35721
49
55225
1521
47961
21316
0
0
0
0
0
0
0
14400
0
66049
0
0
7056
0
0
50625
50176
2500
0
0
20736
0
0
51984
14884
7921
17424
32041
4900
10609
0
3136
48841
25921
20164
40401
0
48400
40401
0
46656
33489
0
0
0
0
46656
0
11236
0
625
4356
40804
0
11664
0
0
44100
0
0
0
0
14400
0
2209
73984
0
4761
0
0
0
17424
6889
41209
0
51984
25
0
1
0
0
56644
0
96721
22201
