----t=633----.
0
175561
122500
65536
39204
3249
94864
113569
77841
116281
117649
84681
90601
36481
115600
110889
24025
1089
47089
144400
87025
154449
50625
157609
102400
101124
108241
0
23104
0
62001
80089
102400
51984
0
76176
22801
83521
114921
102400
0
77841
168921
54289
0
170569
18225
84100
0
0
29929
116964
51984
60516
88209
73984
66564
100489
66049
191844
173056
172225
23104
5329
82944
52900
68644
87616
19044
134689
99225
103041
0
0
441
54289
75076
0
59536
99225
57600
0
70225
80089
11025
51529
0
60516
28561
0
69696
22201
7396
70756
81796
0
101761
0
16641
141376
110224
37249
55696
50625
1225
0
0
7569
108900
54756
64516
30976
106276
23716
0
11025
0
96721
0
0
72361
61504
30976
233289
841
112896
0
80089
68121
104329
34225
0
80089
9604
0
112896
676
63001
60025
324
0
49729
97344
37636
25
0
0
51529
7921
116964
107584
112896
103684
84100
10609
36
24649
3481
77284
0
99856
40401
80089
576
89401
0
56644
100489
3364
0
56169
99225
54289
0
100489
41616
84100
0
16
40000
0
0
0
59536
4356
0
17689
61009
5041
0
45369
81225
0
169
75625
89401
0
64009
2304
4761
56169
0
0
46225
38809
138384
0
82369
11449
25600
139129
111556
73984
0
0
0
89401
96721
133956
0
57121
2809
0
60025
101124
24336
21904
19881
80656
52900
77284
66564
118336
7569
107584
0
0
26244
97344
0
93636
57121
0
1681
93025
108900
15376
121104
68644
17424
85849
0
0
25600
93025
40401
65536
85849
0
22801
107584
56644
85264
0
103684
0
0
59049
0
0
109561
69169
99225
121104
0
122500
5625
10609
1681
90000
0
0
41616
119025
0
5476
53361
75076
84100
47961
0
0
0
55225
61009
324
0
54756
81
0
38809
44100
104329
26244
3481
0
35344
0
68644
20449
116964
1
78961
0
18769
0
82944
16384
4096
49284
97969
39204
42025
256
1156
174724
100
0
120409
43264
69169
0
53824
157609
0
15625
124609
111556
729
88209
78400
0
0
41616
0
0
65536
676
0
400
0
3969
1
15625
88209
0
0
20449
0
153664
52441
60516
0
84100
0
39601
3025
70225
0
5041
50176
0
1
106276
116281
23716
26896
16384
43681
0
0
62500
0
23716
0
96100
92416
0
63504
46225
3721
23104
67081
1369
99225
27225
1681
0
0
33856
94249
0
0
61009
0
65025
84681
58081
49729
92416
40000
0
0
16641
59536
96721
51529
69169
0
61504
0
0
4900
92416
57121
3136
0
65025
86436
100489
289
42436
47089
0
54756
67600
22201
44521
33856
0
2601
55225
38809
30976
44944
12321
26569
83521
0
0
0
0
1089
97344
0
63504
69169
16900
0
0
2809
86436
0
361201
4624
101761
4900
25600
88804
0
0
75076
0
18496
12321
32400
84100
16641
58081
0
174724
112896
0
0
2601
0
116964
72361
49284
78961
110224
0
18225
0
93025
3025
0
26896
0
0
30276
1024
14161
3600
164025
48400
35721
57600
0
0
71824
14884
0
40000
0
0
82944
145161
75625
22201
54289
0
65025
0
32041
69169
109561
0
1936
83521
148225
0
0
90601
7225
33856
27556
16900
0
0
1600
91809
54756
0
17424
0
7225
21609
64009
0
8649
0
88209
48841
18769
2916
73441
0
82944
49729
76176
0
72900
91204
3969
68644
0
37636
88209
4761
41616
0
8836
25921
19044
0
3025
0
67600
25600
0
85264
76176
101124
121104
0
36
10609
169
0
1444
58081
38416
12769
1225
52900
25281
400
0
0
25600
12321
25921
0
57121
0
0
0
120409
0
11025
0
0
52441
51984
90601
72900
0
31684
53824
98596
88209
0
20736
175561
0
123201
5184
134689
51529
109561
0
17689
47524
2116
0
14641
0
37636
41209
0
62500
0
0
53361
52441
74529
0
0
0
5776
3249
111556
34969
69696
26244
0
54756
111556
62001
0
0
36864
0
0
9801
90601
35721
35344
0
0
142884
81225
0
33856
0
0
0
7396
0
0
0
16900
52441
0
53361
87616
1444
0
441
4356
0
90601
104329
0
0
2025
4225
28561
0
71289
0
0
13225
4624
77841
121104
5625
108900
82369
0
121104
3481
60025
50176
0
16129
59049
7056
24336
0
0
0
0
108241
2304
0
56644
17956
4225
26244
60025
0
46656
71824
0
0
60025
17956
0
30625
96721
0
0
0
0
42849
47524
484
0
82369
41616
29929
39601
9
7569
1369
0
0
0
0
784
0
11025
92416
43264
0
401956
56644
110224
256
5929
0
39601
18769
2304
0
0
87025
0
112896
0
0
101124
60025
2116
12100
676
57600
63001
39601
156816
0
34596
0
2116
71289
169744
68121
20449
0
57121
0
0
39204
0
961
38416
56169
111556
152100
0
1089
0
84100
24964
38416
100489
106276
176400
174724
7744
105625
50176
88209
78400
0
0
102400
6724
115600
75076
62001
42849
0
0
43264
0
63001
0
178084
0
0
0
0
24336
324
0
30976
196
0
0
14161
44521
0
0
0
0
0
0
0
0
0
196
0
1156
0
961
0
22201
0
8281
25921
51984
0
0
58081
28900
0
68121
0
108900
20449
0
23716
164025
58081
23409
0
55225
0
47089
0
24649
21025
37249
900
0
0
94864
80089
159201
33856
90000
3364
67600
94864
94864
0
67081
5929
93025
11881
83521
46656
289
2401
1681
2601
0
0
2116
36100
0
106929
0
2704
23716
0
0
87025
86436
14400
0
784
45796
0
0
88804
36864
25281
40804
62001
19600
29929
0
15876
84681
53361
44944
73441
0
84100
73441
0
81796
64009
4624
0
576
0
81796
0
30976
0
9025
18496
73984
0
31684
0
0
78400
0
0
0
0
36100
2704
13689
116964
49
19321
0
0
0
40804
23409
74529
0
88804
5625
0
5041
0
0
94864
3600
145161
47961
