----t=749----.
11025
286225
217156
138384
98596
29929
179776
205209
156025
208849
210681
165649
173889
94249
207936
201601
73441
22201
110889
246016
168921
259081
116281
263169
190096
188356
198025
7744
71824
0
133225
159201
190096
118336
0
153664
71289
164025
207025
190096
6241
156025
277729
121801
121
279841
63001
164836
0
0
83521
209764
118336
131044
170569
150544
139876
187489
139129
306916
283024
281961
71824
35721
163216
119716
142884
169744
64516
233289
185761
190969
0
8100
18769
121801
152100
4900
129600
185761
126736
7569
145161
159201
48841
117649
0
131044
81225
0
144400
70225
40804
145924
161604
0
189225
0
60025
242064
200704
95481
123904
116281
22801
0
0
41209
198916
122500
136900
85264
195364
72900
0
48841
5625
182329
0
8649
148225
132496
85264
358801
21025
204304
0
159201
142129
192721
90601
2916
159201
45796
0
204304
20164
134689
130321
17956
5776
114921
183184
96100
14641
4761
0
117649
42025
209764
197136
204304
191844
164836
47961
14884
74529
30625
155236
0
186624
100489
159201
19600
172225
0
125316
187489
30276
9604
124609
185761
121801
361
187489
102400
164836
5329
14400
99856
0
0
0
129600
33124
0
62001
131769
34969
0
108241
160801
0
16641
152881
172225
0
136161
26896
34225
124609
0
0
109561
97969
238144
0
162409
49729
76176
239121
202500
150544
6400
0
4
172225
182329
232324
0
126025
28561
0
130321
188356
73984
69696
66049
160000
119716
155236
139876
211600
41209
197136
0
1600
77284
183184
0
178084
126025
5184
24649
177241
198916
57600
215296
142884
61504
167281
0
0
76176
177241
100489
138384
167281
0
71289
197136
125316
166464
841
191844
0
0
128881
0
8281
199809
143641
185761
215296
7744
217156
36481
47961
24649
173056
0
0
102400
212521
81
36100
120409
152100
164836
112225
1681
0
0
123201
131769
17956
0
122500
15625
1849
97969
106276
192721
77284
30625
0
92416
0
142884
67081
209764
13689
157609
0
64009
0
163216
59536
32400
114244
184041
98596
103041
17424
22500
285156
15876
0
214369
104976
143641
0
121104
263169
0
58081
219961
202500
20449
170569
156816
0
7921
102400
0
7921
138384
20164
169
18496
4489
32041
13689
58081
170569
0
0
67081
0
258064
119025
131044
0
164836
7396
99225
29241
145161
9801
34969
115600
0
13689
195364
208849
72900
78400
59536
105625
5929
169
133956
0
72900
0
181476
176400
10816
135424
109561
31329
71824
140625
23409
185761
78961
24649
11449
3600
90000
178929
0
9025
131769
0
137641
165649
127449
114921
176400
99856
0
7921
60025
129600
182329
117649
143641
0
132496
0
0
34596
176400
126025
29584
4624
137641
168100
187489
17689
103684
110889
0
122500
141376
70225
106929
90000
0
27889
123201
97969
85264
107584
51529
77841
164025
0
0
0
6400
22201
183184
2601
135424
143641
60516
0
0
28561
168100
7396
514089
33856
189225
34596
76176
171396
3136
0
152100
0
63504
51529
87616
164836
60025
127449
0
285156
204304
3721
0
27889
0
209764
148225
114244
157609
200704
0
63001
36
177241
29241
5041
78400
0
7569
84100
21904
55225
30976
271441
112896
93025
126736
0
10000
147456
56644
0
99856
256
0
163216
247009
152881
70225
121801
0
137641
0
87025
143641
199809
0
25600
164025
251001
0
169
173889
40401
90000
79524
60516
0
0
24336
175561
122500
0
61504
4096
40401
69169
136161
0
43681
0
170569
113569
64009
28900
149769
5329
163216
114921
153664
0
148996
174724
32041
142884
0
96100
170569
34225
102400
0
44100
76729
64516
4624
29241
5625
141376
76176
0
166464
153664
188356
215296
100
14884
47961
16641
0
23716
127449
97344
52441
22801
119716
75625
18496
0
0
76176
51529
76729
0
126025
0
10201
7056
214369
0
48841
0
0
119025
118336
173889
148996
7056
86436
121104
184900
170569
1849
67600
286225
0
218089
35344
233289
117649
199809
0
62001
111556
26244
0
56169
0
96100
101761
9
133956
3025
0
120409
119025
151321
12544
4225
0
36864
29929
202500
91809
144400
77284
0
122500
202500
133225
5329
0
94864
2500
1225
46225
173889
93025
92416
0
0
244036
160801
0
90000
0
0
0
40804
0
0
0
60516
119025
0
120409
169744
23716
0
18769
33124
1681
173889
192721
9216
0
25921
32761
81225
0
146689
0
0
53361
33856
156025
215296
36481
198916
162409
0
215296
30625
130321
115600
0
59049
128881
40000
73984
7396
0
0
100
198025
26896
0
125316
62500
32761
77284
130321
0
110224
147456
7396
0
130321
62500
0
84681
182329
0
0
9
0
104329
111556
19044
3600
162409
102400
83521
99225
14161
41209
23409
5929
6724
0
0
20736
0
48841
176400
104976
961
562500
125316
200704
17424
37249
9604
99225
64009
26896
0
5184
168921
0
204304
0
0
188356
130321
26244
51076
20164
126736
134689
99225
262144
0
91204
0
26244
146689
278784
142129
67081
0
126025
3600
7225
98596
0
21609
97344
124609
202500
256036
0
22201
0
164836
75076
97344
187489
195364
287296
285156
41616
194481
115600
170569
156816
4489
0
190096
39204
207936
152100
133225
104329
0
0
104976
0
134689
0
289444
5776
0
0
4225
73984
17956
6724
85264
16900
4096
0
55225
106929
0
2116
0
0
0
0
0
0
0
16900
0
22500
0
21609
5929
70225
11025
42849
76729
118336
0
3969
127449
81796
0
142129
4
198916
67081
0
72900
271441
127449
72361
0
123201
0
110889
0
74529
68121
95481
21316
0
0
179776
159201
265225
90000
173056
30276
141376
179776
179776
0
140625
37249
177241
50625
164025
110224
17689
27225
24649
27889
0
11664
26244
93636
0
196249
0
28224
72900
0
0
168921
168100
55696
0
20736
108900
484
0
171396
94864
75625
101124
133225
65536
83521
0
58564
165649
120409
107584
149769
0
164836
149769
0
161604
136161
33856
0
19600
9604
161604
0
85264
2116
44521
63504
150544
0
86436
0
0
156816
0
0
49
0
93636
28224
54289
209764
15129
65025
1
0
0
101124
72361
151321
0
171396
36481
1600
34969
9604
0
179776
30976
247009
112225
