----t=347----.
0
17689
4096
0
0
0
484
2601
0
3025
3249
25
225
0
2916
2209
0
0
0
8836
81
11449
0
12321
1156
1024
1849
0
0
0
0
0
1156
0
0
0
0
9
2809
1156
0
0
15625
0
0
16129
0
16
0
0
0
3136
0
0
121
0
0
961
0
23104
16900
16641
0
0
4
0
0
100
0
6561
841
1225
0
0
0
0
0
0
0
841
0
0
0
0
0
0
0
0
0
0
0
0
0
0
0
0
1089
0
0
8100
2116
0
0
0
0
0
0
0
1936
0
0
0
1600
0
0
0
0
625
0
0
0
0
0
38809
0
2500
0
0
0
1369
0
0
0
0
0
2500
0
0
0
0
0
0
676
0
0
0
0
0
0
3136
1764
2500
1296
16
0
0
0
0
0
0
900
0
0
0
169
0
0
961
0
0
0
841
0
0
961
0
16
0
0
0
0
0
0
0
0
0
0
0
0
0
0
0
0
0
0
169
0
0
0
0
0
0
0
0
0
7396
0
1
0
0
7569
2304
0
0
0
0
169
625
6400
0
0
0
0
0
1024
0
0
0
0
0
0
0
3364
0
1764
0
0
0
676
0
400
0
0
0
361
1936
0
3844
0
0
49
0
0
0
361
0
0
49
0
0
1764
0
36
0
1296
0
0
0
0
0
2025
0
841
3844
0
4096
0
0
0
196
0
0
0
3481
0
0
0
0
16
0
0
0
0
0
0
0
0
0
0
0
0
0
1369
0
0
0
0
0
0
0
3136
0
0
0
0
0
4
0
0
0
729
0
0
0
0
17424
0
0
3721
0
0
0
0
12321
0
0
4489
2304
0
121
0
0
0
0
0
0
0
0
0
0
0
0
0
0
121
0
0
0
0
11236
0
0
0
16
0
0
0
0
0
0
0
0
0
1600
3025
0
0
0
0
0
0
0
0
0
0
576
324
0
0
0
0
0
0
0
841
0
0
0
0
0
441
0
0
0
0
0
25
0
0
324
0
0
0
0
0
625
0
0
0
0
0
0
0
324
0
0
0
0
64
961
0
0
0
0
0
0
0
0
0
0
0
0
0
0
0
0
0
9
0
0
0
0
0
676
0
0
0
0
0
0
0
64
0
99225
0
1089
0
0
144
0
0
0
0
0
0
0
16
0
0
0
17424
2500
0
0
0
0
3136
0
0
0
2116
0
0
0
361
0
0
0
0
0
0
0
0
0
14161
0
0
0
0
0
0
0
0
0
0
0
4
9025
0
0
0
0
0
0
0
0
2025
0
0
9
9801
0
0
225
0
0
0
0
0
0
0
289
0
0
0
0
0
0
0
0
0
0
121
0
0
0
0
0
4
0
0
0
0
256
0
0
0
0
121
0
0
0
0
0
0
0
0
0
0
0
0
36
0
1024
3844
0
0
0
0
0
0
0
0
0
0
0
0
0
0
0
0
0
0
0
0
0
0
0
3721
0
0
0
0
0
0
225
0
0
0
0
784
121
0
0
17689
0
4225
0
6561
0
2025
0
0
0
0
0
0
0
0
0
0
0
0
0
0
0
0
0
0
0
0
0
2304
0
0
0
0
0
2304
0
0
0
0
0
0
0
225
0
0
0
0
8464
0
0
0
0
0
0
0
0
0
0
0
0
0
0
100
0
0
0
0
0
225
1369
0
0
0
0
0
0
0
0
0
0
0
0
3844
0
1936
1
0
3844
0
0
0
0
0
0
0
0
0
0
0
0
1849
0
0
0
0
0
0
0
0
0
0
0
0
0
0
0
0
625
0
0
0
0
0
0
0
0
1
0
0
0
0
0
0
0
0
0
0
0
0
0
324
0
0
121104
0
2116
0
0
0
0
0
0
0
0
81
0
2500
0
0
1024
0
0
0
0
0
0
0
12100
0
0
0
0
0
15876
0
0
0
0
0
0
0
0
0
0
0
2304
10816
0
0
0
16
0
0
961
1600
17956
17424
0
1521
0
121
0
0
0
1156
0
2916
0
0
0
0
0
0
0
0
0
18496
0
0
0
0
0
0
0
0
0
0
0
0
0
0
0
0
0
0
0
0
0
0
0
0
0
0
0
0
0
0
0
0
0
0
0
0
0
0
0
0
1936
0
0
0
14161
0
0
0
0
0
0
0
0
0
0
0
0
0
484
0
12769
0
196
0
0
484
484
0
0
0
361
0
9
0
0
0
0
0
0
0
0
0
0
1681
0
0
0
0
0
81
64
0
0
0
0
0
0
144
0
0
0
0
0
0
0
0
25
0
0
0
0
16
0
0
0
0
0
0
0
0
0
0
0
0
0
0
0
0
0
0
0
0
0
0
0
0
0
0
0
3136
0
0
0
0
0
0
0
0
0
144
0
0
0
0
0
484
0
9025
0
