----t=314----.
0
10000
961
0
0
0
0
324
0
484
576
0
0
0
441
196
0
0
0
3721
0
5476
0
6084
1
0
100
0
0
0
0
0
1
0
0
0
0
0
400
1
0
0
8464
0
0
8836
0
0
0
0
0
529
0
0
0
0
0
0
0
14161
9409
9216
0
0
0
0
0
0
0
2304
0
4
0
0
0
0
0
0
0
0
0
0
0
0
0
0
0
0
0
0
0
0
0
0
0
0
0
0
0
3249
169
0
0
0
0
0
0
0
121
0
0
0
49
0
0
0
0
0
0
0
0
0
0
26896
0
289
0
0
0
16
0
0
0
0
0
289
0
0
0
0
0
0
0
0
0
0
0
0
0
529
81
289
9
0
0
0
0
0
0
0
0
0
0
0
0
0
0
0
0
0
0
0
0
0
0
0
0
0
0
0
0
0
0
0
0
0
0
0
0
0
0
0
0
0
0
0
0
0
0
0
0
0
0
0
0
2809
0
0
0
0
2916
225
0
0
0
0
0
0
2209
0
0
0
0
0
0
0
0
0
0
0
0
0
625
0
81
0
0
0
0
0
0
0
0
0
0
121
0
841
0
0
0
0
0
0
0
0
0
0
0
0
81
0
0
0
9
0
0
0
0
0
144
0
0
841
0
961
0
0
0
0
0
0
0
676
0
0
0
0
0
0
0
0
0
0
0
0
0
0
0
0
0
0
16
0
0
0
0
0
0
0
529
0
0
0
0
0
0
0
0
0
0
0
0
0
0
9801
0
0
784
0
0
0
0
6084
0
0
1156
225
0
0
0
0
0
0
0
0
0
0
0
0
0
0
0
0
0
0
0
0
0
5329
0
0
0
0
0
0
0
0
0
0
0
0
0
49
484
0
0
0
0
0
0
0
0
0
0
0
0
0
0
0
0
0
0
0
0
0
0
0
0
0
0
0
0
0
0
0
0
0
0
0
0
0
0
0
0
0
0
0
0
0
0
0
0
0
0
0
0
0
0
0
0
0
0
0
0
0
0
0
0
0
0
0
0
0
0
0
0
0
0
0
0
0
0
0
0
0
0
0
0
0
0
0
0
79524
0
0
0
0
0
0
0
0
0
0
0
0
0
0
0
0
9801
289
0
0
0
0
529
0
0
0
169
0
0
0
0
0
0
0
0
0
0
0
0
0
7396
0
0
0
0
0
0
0
0
0
0
0
0
3844
0
0
0
0
0
0
0
0
144
0
0
0
4356
0
0
0
0
0
0
0
0
0
0
0
0
0
0
0
0
0
0
0
0
0
0
0
0
0
0
0
0
0
0
0
0
0
0
0
0
0
0
0
0
0
0
0
0
0
0
0
0
0
0
0
0
0
841
0
0
0
0
0
0
0
0
0
0
0
0
0
0
0
0
0
0
0
0
0
0
0
784
0
0
0
0
0
0
0
0
0
0
0
0
0
0
0
10000
0
1024
0
2304
0
144
0
0
0
0
0
0
0
0
0
0
0
0
0
0
0
0
0
0
0
0
0
225
0
0
0
0
0
225
0
0
0
0
0
0
0
0
0
0
0
0
3481
0
0
0
0
0
0
0
0
0
0
0
0
0
0
0
0
0
0
0
0
0
16
0
0
0
0
0
0
0
0
0
0
0
0
841
0
121
0
0
841
0
0
0
0
0
0
0
0
0
0
0
0
100
0
0
0
0
0
0
0
0
0
0
0
0
0
0
0
0
0
0
0
0
0
0
0
0
0
0
0
0
0
0
0
0
0
0
0
0
0
0
0
0
0
0
99225
0
169
0
0
0
0
0
0
0
0
0
0
289
0
0
0
0
0
0
0
0
0
0
5929
0
0
0
0
0
8649
0
0
0
0
0
0
0
0
0
0
0
225
5041
0
0
0
0
0
0
0
49
10201
9801
0
36
0
0
0
0
0
1
0
441
0
0
0
0
0
0
0
0
0
10609
0
0
0
0
0
0
0
0
0
0
0
0
0
0
0
0
0
0
0
0
0
0
0
0
0
0
0
0
0
0
0
0
0
0
0
0
0
0
0
0
121
0
0
0
7396
0
0
0
0
0
0
0
0
0
0
0
0
0
0
0
6400
0
0
0
0
0
0
0
0
0
0
0
0
0
0
0
0
0
0
0
0
0
0
64
0
0
0
0
0
0
0
0
0
0
0
0
0
0
0
0
0
0
0
0
0
0
0
0
0
0
0
0
0
0
0
0
0
0
0
0
0
0
0
0
0
0
0
0
0
0
0
0
0
0
0
0
0
0
0
529
0
0
0
0
0
0
0
0
0
0
0
0
0
0
0
0
0
3844
0
