----t=388----.
0
30276
11025
121
0
0
3969
8464
1156
9216
9604
2116
3136
0
9025
7744
0
0
0
18225
2500
21904
0
23104
5625
5329
7056
0
0
0
16
1444
5625
0
0
961
0
1936
8836
5625
0
1156
27556
0
0
28224
0
2025
0
0
0
9409
0
1
2704
729
169
5184
144
37249
29241
28900
0
0
1849
0
289
2601
0
14884
4900
5776
0
0
0
0
841
0
0
4900
0
0
400
1444
0
0
0
1
0
0
361
0
0
441
1681
0
5476
0
0
17161
7569
0
0
0
0
0
0
0
7225
0
81
0
6561
0
0
0
0
4356
0
0
576
9
0
56644
0
8281
0
1444
256
6084
0
0
1444
0
0
8281
0
36
0
0
0
0
4489
0
0
0
0
0
0
9409
6889
8281
5929
2025
0
0
0
0
1089
0
5041
0
1444
0
2916
0
0
5184
0
0
0
4900
0
0
5184
0
2025
0
0
0
0
0
0
0
0
0
0
4
0
0
0
1600
0
0
900
2916
0
64
0
0
0
0
0
0
0
16129
0
1764
0
0
16384
7921
729
0
0
0
2916
4356
14641
0
0
0
0
0
5329
0
0
0
1521
0
1089
169
9801
0
6889
0
0
0
4489
0
3721
0
0
0
3600
7225
0
10609
289
0
2304
0
0
0
3600
0
121
2304
0
0
6889
0
2209
0
5929
0
0
0
0
0
7396
324
4900
10609
0
11025
0
0
0
3025
0
0
0
10000
0
0
0
841
2025
0
0
0
0
0
4
0
0
0
0
0
0
0
6084
0
0
0
0
0
289
0
9409
0
1296
0
0
0
1849
0
0
0
4624
0
0
0
0
29929
0
0
10404
0
324
0
0
23104
0
0
11664
7921
0
2704
1225
0
0
0
0
0
121
0
0
0
0
0
0
0
2704
0
0
0
0
21609
0
1
0
2025
0
0
0
400
0
0
0
0
0
6561
9216
0
0
0
0
0
0
25
0
0
0
4225
3481
0
49
0
0
0
196
0
4900
0
0
0
0
0
3844
0
0
4
0
100
2116
0
0
3481
0
0
0
0
0
4356
0
324
0
9
0
0
0
3481
0
0
0
100
2401
5184
0
0
0
0
0
225
0
0
0
0
0
0
0
0
0
0
0
1936
0
0
0
0
0
4489
0
49
324
0
0
0
0
2401
0
126736
0
5476
0
0
2809
0
0
841
0
0
0
0
2025
0
0
0
29929
8281
0
0
0
0
9409
576
0
1296
7569
0
0
0
3600
0
0
0
0
0
0
0
0
0
25600
0
0
0
0
0
529
0
0
0
0
0
1849
18496
900
0
0
0
100
0
0
324
7396
0
0
1936
19600
0
0
3136
0
0
0
0
0
0
0
3364
0
0
0
0
0
0
64
0
0
0
2704
0
0
0
676
0
1849
0
961
0
625
3249
0
289
0
0
2704
0
0
0
0
0
0
0
0
0
225
0
0
2209
961
5329
10609
0
0
0
0
0
0
0
0
0
0
0
0
0
0
0
0
0
0
0
0
0
0
0
10404
0
0
0
0
0
0
3136
625
0
0
0
4761
2704
0
0
30276
0
11236
0
14884
0
7396
0
0
0
0
0
0
0
0
0
0
25
0
0
0
0
784
0
0
0
0
0
7921
0
361
0
0
0
7921
16
0
0
0
0
0
0
3136
0
0
0
0
17689
1600
0
0
0
0
0
0
0
0
0
0
0
0
0
2601
0
0
0
0
0
3136
6084
0
0
0
0
0
0
484
0
0
0
0
1156
10609
0
7225
1764
0
10609
0
0
0
0
0
0
0
0
0
0
0
0
7056
0
0
0
0
0
0
0
0
0
529
0
0
0
0
0
0
4356
0
0
0
0
0
0
0
0
1764
0
0
0
0
0
0
0
0
0
0
0
0
0
3481
0
0
151321
0
7569
0
0
0
0
0
0
0
0
2500
0
8281
0
0
5329
0
0
0
0
0
36
0
22801
0
0
0
0
484
27889
256
0
0
0
0
0
0
0
0
0
0
7921
21025
0
0
0
2025
0
0
5184
6561
30625
29929
0
6400
0
2704
1225
0
0
5625
0
9025
841
16
0
0
0
0
0
36
0
31329
0
0
0
0
0
0
0
0
0
0
0
0
0
0
0
0
0
0
0
0
0
0
0
0
0
0
0
0
0
0
0
0
0
0
0
0
0
0
256
0
7225
0
0
0
25600
0
0
0
0
0
0
0
0
0
0
0
0
0
3969
1444
23716
0
3025
0
225
3969
3969
0
196
0
3600
0
1936
0
0
0
0
0
0
0
0
0
0
6724
0
0
0
0
0
2500
2401
0
0
0
0
0
0
2809
0
0
0
16
0
0
0
0
2116
0
0
676
0
2025
676
0
1681
64
0
0
0
0
1681
0
0
0
0
0
729
0
0
0
0
1225
0
0
0
0
0
0
0
9409
0
0
0
0
0
0
0
784
0
2809
0
0
0
0
0
3969
0
18496
0
