----t=480----.
0
70756
38809
10609
2025
0
24025
33856
15876
35344
36100
19044
21904
1444
34969
32400
4
0
4096
51529
20164
57600
5184
59536
27889
27225
30976
0
0
0
9216
16900
27889
5625
0
15129
0
18496
34596
27889
0
15876
66564
6400
0
67600
0
18769
0
0
400
35721
5625
8649
20736
14161
11025
26896
10816
81225
69169
68644
0
0
18225
5929
11881
20449
0
45796
26244
28224
0
0
0
6400
14641
0
8281
26244
7569
0
12544
16900
0
5476
0
8649
256
0
12321
0
0
12769
17689
0
27556
0
0
49729
32041
1600
6889
5184
0
0
0
0
31329
6561
10201
529
29929
1
0
0
0
24964
0
0
13456
9025
529
108900
0
33489
0
16900
11664
28900
1024
0
16900
0
0
33489
0
9604
8464
0
0
4900
25281
1681
0
0
0
5476
0
35721
30625
33489
28561
18769
0
0
16
0
15625
0
26569
2304
16900
0
21316
0
7225
26896
0
0
7056
26244
6400
0
26896
2601
18769
0
0
2209
0
0
0
8281
0
0
0
8836
0
0
3600
17424
0
0
14884
21316
0
10000
0
0
7056
0
0
3844
1936
47961
0
17956
0
49
48400
32761
14161
0
0
0
21316
24964
45369
0
7396
0
0
8464
27225
9
0
0
17161
5929
15625
11025
36481
0
30625
0
0
81
25281
0
23409
7396
0
0
23104
31329
0
38025
11881
0
19600
0
0
49
23104
2304
10609
19600
0
0
30625
7225
19321
0
28561
0
0
8100
0
0
31684
12100
26244
38025
0
38809
0
0
0
21609
0
0
2601
36864
0
0
6084
14641
18769
4356
0
0
0
6724
8836
0
0
6561
0
0
1936
3249
28900
81
0
0
1225
0
11881
0
35721
0
16384
0
0
0
18225
0
0
4761
25600
2025
2704
0
0
70225
0
0
37636
3025
12100
0
6241
59536
0
0
40000
32761
0
20736
16129
0
0
2601
0
0
10609
0
0
0
0
0
0
0
20736
0
0
0
0
57121
5776
8649
0
18769
0
2116
0
12544
0
0
5041
0
0
29929
35344
1
121
0
3136
0
0
9409
0
1
0
24649
22801
0
9801
3844
0
0
11236
0
26244
144
0
0
0
961
23716
0
0
8836
0
10404
19044
7744
4900
22801
2209
0
0
0
8281
24964
5476
12100
0
9025
0
0
0
22801
7396
0
0
10404
19881
26896
0
2809
4096
0
6561
11449
0
3364
961
0
0
6724
1936
529
3481
0
100
18496
0
0
0
0
0
25281
0
9801
12100
0
0
0
0
19881
0
200704
0
27556
0
49
21025
0
0
14641
0
0
0
729
18769
0
7744
0
70225
33489
0
0
0
0
35721
13456
4761
16384
32041
0
0
0
23104
0
0
121
0
0
441
0
0
0
63504
4489
1296
7569
0
0
13225
0
0
2209
0
0
18225
51984
14884
0
6400
0
10404
0
676
12100
31684
0
0
18496
53824
0
0
21904
0
961
169
0
0
0
0
22500
6561
0
0
0
0
0
10000
0
0
0
20736
4624
0
0
13924
0
18225
4900
15129
0
13689
22201
0
11881
0
1681
20736
0
2601
0
0
64
0
0
0
0
11449
49
0
19321
15129
27225
38025
0
0
0
0
0
0
7744
1849
0
0
5929
36
0
0
0
49
0
64
0
7396
0
0
0
37636
0
0
0
0
5776
5625
21904
13689
0
625
6241
25921
20736
0
0
70756
0
39204
0
45796
5476
31684
0
0
4225
0
0
0
0
1681
2500
0
9409
0
0
6084
5776
14400
0
0
0
0
0
32761
1156
12321
81
0
6561
32761
9216
0
0
1521
0
0
0
21904
1296
1225
0
0
50625
17424
0
961
0
0
0
0
0
0
0
0
5776
0
6084
20449
0
0
0
0
0
21904
28900
0
0
0
0
256
0
12996
0
0
0
0
15876
38025
0
31329
17956
0
38025
0
8464
5041
0
0
8100
0
9
0
0
0
0
30976
0
0
7225
0
0
81
8464
0
3969
13225
0
0
8464
0
0
484
24964
0
0
0
0
2916
4225
0
0
17956
2601
400
2116
0
0
0
0
0
0
0
0
0
0
22801
3025
0
231361
7225
32041
0
0
0
2116
0
0
0
0
20164
0
33489
0
0
27225
8464
0
0
0
7569
9604
2116
59049
0
1089
0
0
12996
67081
11664
0
0
7396
0
0
2025
0
0
1849
7056
32761
56169
0
0
0
18769
25
1849
26896
29929
71289
70225
0
29584
5041
20736
16129
0
0
27889
0
34969
14641
9216
2916
0
0
3025
0
9604
0
72361
0
0
0
0
9
0
0
529
0
0
0
0
3364
0
0
0
0
0
0
0
0
0
0
0
0
0
0
0
0
0
0
64
5625
0
0
7744
289
0
11664
0
31329
0
0
1
63504
7744
0
0
6724
0
4096
0
16
0
1600
0
0
0
24025
16900
60516
961
21609
0
11449
24025
24025
0
11236
0
23104
0
18496
3969
0
0
0
0
0
0
0
1369
0
30276
0
0
1
0
0
20164
19881
0
0
0
3721
0
0
21025
1521
36
2401
9216
0
400
0
0
19044
6084
3481
13924
0
18769
13924
0
17689
10000
0
0
0
0
17689
0
529
0
0
0
14161
0
625
0
0
16129
0
0
0
0
1369
0
0
35721
0
0
0
0
0
2401
0
14400
0
21025
0
0
0
0
0
24025
0
51984
4356
