----t=426----.
0
44944
20449
2401
0
0
10201
16900
5184
17956
18496
7056
8836
0
17689
15876
0
0
100
29929
7744
34596
324
36100
12769
12321
14884
0
0
0
1764
5776
12769
441
0
4761
0
6724
17424
12769
0
5184
41616
676
0
42436
0
6889
0
0
0
18225
441
1521
8100
4225
2601
12100
2500
53361
43681
43264
0
0
6561
529
3025
7921
0
25600
11664
12996
0
0
0
676
4489
0
1369
11664
1089
0
3364
5776
0
400
0
1521
0
0
3249
0
0
3481
6241
0
12544
0
0
28561
15625
0
841
324
0
0
0
0
15129
729
2209
0
14161
0
0
0
0
10816
0
0
3844
1681
0
76176
0
16641
0
5776
2916
13456
0
0
5776
0
0
16641
0
1936
1444
0
0
256
11025
0
0
0
0
400
0
18225
14641
16641
13225
6889
0
0
0
0
5041
0
11881
0
5776
0
8464
0
961
12100
0
0
900
11664
676
0
12100
0
6889
0
0
0
0
0
0
1369
0
0
0
1600
0
0
36
6084
0
0
4624
8464
0
2116
0
0
900
0
0
64
0
27225
0
6400
0
0
27556
16129
4225
0
0
0
8464
10816
25281
0
1024
0
0
1444
12321
0
0
0
5929
529
5041
2601
18769
0
14641
0
0
0
11025
0
9801
1024
0
0
9604
15129
0
19881
3025
0
7396
0
0
0
9604
0
2401
7396
0
0
14641
961
7225
0
13225
0
0
1296
0
0
15376
3136
11664
19881
0
20449
0
0
0
8649
0
0
0
19044
0
0
576
4489
6889
144
0
0
0
784
1600
0
0
729
0
0
0
9
13456
0
0
0
0
0
3025
0
18225
0
5476
0
0
0
6561
0
0
225
11236
0
0
0
0
44521
0
0
19600
1
3136
0
625
36100
0
0
21316
16129
0
8100
5329
0
0
0
0
0
2401
0
0
0
0
0
0
0
8100
0
0
0
0
34225
484
1521
0
6889
0
0
0
3364
0
0
289
0
0
14161
17956
0
0
0
4
0
0
1849
0
0
0
10609
9409
0
2025
64
0
0
2704
0
11664
0
0
0
0
0
10000
0
0
1600
0
2304
7056
1156
256
9409
0
0
0
0
1369
10816
400
3136
0
1681
0
0
0
9409
1024
0
0
2304
7569
12100
0
0
100
0
729
2809
0
16
0
0
0
784
0
0
25
0
0
6724
0
0
0
0
0
11025
0
2025
3136
0
0
0
0
7569
0
155236
0
12544
0
0
8281
0
0
4489
0
0
0
0
6889
0
1156
0
44521
16641
0
0
0
0
18225
3844
225
5476
15625
0
0
0
9604
0
0
0
0
0
0
0
0
0
39204
169
0
1089
0
0
3721
0
0
0
0
0
6561
30276
4624
0
676
0
2304
0
0
3136
15376
0
0
6724
31684
0
0
8836
0
0
0
0
0
0
0
9216
729
0
0
0
0
0
2116
0
0
0
8100
196
0
0
4096
0
6561
256
4761
0
3969
9025
0
3025
0
0
8100
0
0
0
0
0
0
0
0
0
2809
0
0
7225
4761
12321
19881
0
0
0
0
0
0
1156
0
0
0
529
0
0
0
0
0
0
0
0
1024
0
0
0
19600
0
0
0
0
484
441
8836
3969
0
0
625
11449
8100
0
0
44944
0
20736
0
25600
400
15376
0
0
121
0
0
0
0
0
0
0
1849
0
0
576
484
4356
0
0
0
0
0
16129
0
3249
0
0
729
16129
1764
0
0
0
0
0
0
8836
0
0
0
0
29241
6084
0
0
0
0
0
0
0
0
0
0
484
0
576
7921
0
0
0
0
0
8836
13456
0
0
0
0
0
0
3600
0
0
0
0
5184
19881
0
15129
6400
0
19881
0
1444
289
0
0
1296
0
0
0
0
0
0
14884
0
0
961
0
0
0
1444
0
81
3721
0
0
1444
0
0
0
10816
0
0
0
0
0
121
0
0
6400
0
0
0
0
0
0
0
0
0
0
0
0
0
9409
1
0
182329
961
15625
0
0
0
0
0
0
0
0
7744
0
16641
0
0
12321
1444
0
0
0
1089
1936
0
35721
0
0
0
0
3600
42025
2916
0
0
1024
0
0
0
0
0
0
900
16129
33489
0
0
0
6889
0
0
12100
14161
45369
44521
0
13924
289
8100
5329
0
0
12769
0
17689
4489
1764
0
0
0
1
0
1936
0
46225
0
0
0
0
0
0
0
0
0
0
0
0
16
0
0
0
0
0
0
0
0
0
0
0
0
0
0
0
0
0
0
0
441
0
0
1156
0
0
2916
0
15129
0
0
0
39204
1156
0
0
784
0
100
0
0
0
0
0
0
0
10201
5776
36864
0
8649
0
2809
10201
10201
0
2704
0
9604
0
6724
81
0
0
0
0
0
0
0
0
0
14400
0
0
0
0
0
7744
7569
0
0
0
49
0
0
8281
0
0
0
1764
0
0
0
0
7056
576
25
4096
0
6889
4096
0
6241
2116
0
0
0
0
6241
0
0
0
0
0
4225
0
0
0
0
5329
0
0
0
0
0
0
0
18225
0
0
0
0
0
0
0
4356
0
8281
0
0
0
0
0
10201
0
30276
144
