----t=170----.
2704
2025
1600
0
1681
0
0
36
0
20449
441
0
144
2304
2209
0
2401
841
784
3600
0
0
0
7225
8836
1089
0
0
441
1444
2704
784
0
2809
2601
2916
0
2916
25
9
12321
0
5476
81
0
4356
0
0
729
841
729
0
81
0
36
0
8100
0
529
1024
0
0
0
6084
225
0
900
81
9
0
0
16129
0
400
1296
0
36
121
0
0
1024
3364
2116
1024
5329
19600
3136
2916
3721
625
121
2401
6241
144
0
4761
729
0
4225
3136
0
676
0
961
1156
17956
3481
1369
0
4489
0
400
0
26896
0
4096
1156
625
9216
2209
5041
324
0
3249
0
2704
361
1
2116
8649
100
0
0
0
3969
0
169
0
900
0
729
7744
24025
0
576
529
3600
900
1764
3136
0
3600
1681
0
441
0
676
2116
361
169
3600
36
8464
441
1764
0
1444
0
0
576
1936
0
4225
2116
441
0
0
0
81
484
49
17161
0
3481
0
2401
0
0
0
169
0
0
1521
4489
0
0
4096
2601
576
196
0
7225
0
2209
961
64
36
0
225
1296
0
3249
2809
7396
1369
0
16
4761
2809
1444
3136
169
1521
441
0
0
3136
2304
0
784
0
0
0
529
0
0
8464
576
625
2500
1681
11236
196
64
0
784
0
1296
400
2809
1521
4096
15625
2116
196
0
0
0
1225
121
81
4624
0
6561
0
676
24649
196
0
1
529
16
529
1296
7569
24025
0
0
484
1024
0
0
9801
0
3721
121
0
0
64
0
3136
729
3249
36
10404
400
3364
1296
961
1521
9
4356
3364
256
3481
0
2500
0
5776
49
5041
625
1156
3600
64
6724
0
100
1444
169
3025
10609
289
144
144
0
81
1764
0
8100
0
0
400
4624
529
1
289
841
0
1225
2025
3249
1225
0
0
24649
4
14641
1936
8100
900
0
0
2601
0
9
3600
3249
0
1089
1444
0
49
1600
729
4624
144
0
23716
576
4900
961
64
7225
8649
2209
1369
1296
3364
0
0
0
0
0
5041
1600
11449
9025
8836
529
7225
676
0
2025
6084
121
0
1024
1849
2401
361
0
0
3249
169
196
3844
0
2116
529
1225
4225
484
0
0
0
6889
6084
0
784
0
0
4
961
7396
3600
2304
36
3481
2601
1369
3600
15129
0
1369
0
0
8649
23409
5329
0
0
81
0
4
3969
12321
4356
4489
1
1681
289
4489
2500
625
6241
1
361
1024
1936
0
484
2209
0
0
0
576
0
0
0
0
100
6241
3844
1936
0
64
1225
1764
225
2401
10404
4356
1296
0
1521
5476
0
4096
5184
0
3969
2809
0
256
3844
0
0
400
0
6400
900
1024
2500
0
256
2209
0
1089
4624
1936
5476
576
576
3721
324
1089
14400
121
3844
100
4489
0
7744
0
1600
144
361
0
2209
0
196
0
0
441
2025
0
0
0
3364
3969
49
0
1600
4624
100
0
4096
2704
0
0
361
0
3481
3025
0
0
100
2916
1681
324
5625
961
4900
0
0
0
0
0
8100
1296
900
25
0
0
0
49
2704
0
0
13456
784
3844
1444
1681
6241
576
0
729
256
1369
0
676
0
0
324
121
3481
1156
1600
3249
1225
676
1089
0
0
841
5776
2601
0
0
7569
256
4
7225
0
0
0
4
900
25
361
16129
4096
2209
0
6084
0
3721
6241
3249
15876
20736
0
196
1521
0
0
4900
0
3136
4096
0
5329
81
0
324
1225
0
2116
1369
4356
256
1600
3600
7056
1024
3600
0
2116
3249
2401
289
3481
0
6241
2304
14400
9216
1764
8281
0
0
0
64
0
0
0
1156
900
121
1681
0
5625
0
0
0
100
100
0
1600
2304
2704
3364
1600
121
16
2916
64
0
784
1681
144
676
11881
0
5476
3025
1444
6400
11025
441
1296
0
0
2809
6561
10000
1764
1225
0
3481
289
64
324
0
0
0
6400
81
1521
1
729
0
3364
0
64
784
18496
400
324
1521
0
49
1369
0
4
0
841
18769
196
4761
2304
4624
0
49
0
289
3600
529
144
1225
3364
6400
0
49
196
8281
3249
3136
7396
0
1296
0
1936
3249
0
0
3025
0
784
7056
64
5476
5929
1369
6889
49
0
5329
4225
196
2209
1849
0
0
0
1024
0
0
12100
0
361
2704
1089
3249
0
3481
1296
12321
1225
0
625
2209
961
729
1
1764
4
0
49
64
196
2209
19600
729
441
16
0
0
729
0
0
6889
0
4489
3600
1936
4624
121
18496
1936
676
81
2025
6400
529
3481
400
81
0
0
900
0
2601
841
0
625
0
0
841
225
484
2500
0
0
1024
19321
0
729
0
0
9
0
0
25
0
0
361
2916
2209
0
441
0
169
0
0
676
2116
0
0
0
8649
0
0
1849
3969
0
2209
2500
1849
0
729
576
256
1600
4356
676
0
29241
0
576
1225
2209
484
5329
0
784
3969
196
676
1
841
225
9
5776
0
0
0
1936
441
0
1444
1369
0
0
0
0
2304
0
144
0
3969
1600
1
0
324
441
0
0
1849
8649
2809
2401
625
729
169
2025
196
1444
961
400
729
625
1849
1764
361
3721
0
961
0
7569
0
1369
81
144
25
900
3364
169
6724
169
0
961
625
3481
0
81
4
0
529
0
0
961
484
6241
3600
13456
18769
0
