----t=113----.
0
0
0
0
0
0
0
0
0
7396
0
0
0
0
0
0
0
0
0
9
0
0
0
784
1369
0
0
0
0
0
0
0
0
0
0
0
0
0
0
0
2916
0
289
0
0
81
0
0
0
0
0
0
0
0
0
0
1089
0
0
0
0
0
0
441
0
0
0
0
0
0
0
4900
0
0
0
0
0
0
0
0
0
1
0
0
256
6889
0
0
16
0
0
0
484
0
0
144
0
0
64
0
0
0
0
0
0
5929
4
0
0
100
0
0
0
11449
0
49
0
0
1521
0
196
0
0
0
0
0
0
0
0
1296
0
0
0
0
36
0
0
0
0
0
0
961
9604
0
0
0
9
0
0
0
0
9
0
0
0
0
0
0
0
0
9
0
1225
0
0
0
0
0
0
0
0
0
64
0
0
0
0
0
0
0
0
5476
0
4
0
0
0
0
0
0
0
0
0
100
0
0
49
0
0
0
0
784
0
0
0
0
0
0
0
0
0
0
0
841
0
0
0
144
0
0
0
0
0
0
0
0
0
0
0
0
0
0
0
0
0
0
1225
0
0
0
0
2401
0
0
0
0
0
0
0
0
0
49
4624
0
0
0
0
0
0
0
0
121
0
576
0
0
10000
0
0
0
0
0
0
0
900
9604
0
0
0
0
0
0
1764
0
16
0
0
0
0
0
0
0
0
0
2025
0
1
0
0
0
0
81
1
0
4
0
0
0
361
0
196
0
0
9
0
625
0
0
0
0
0
2116
0
0
0
0
0
0
0
1089
0
0
0
121
0
0
0
0
0
0
0
0
0
0
0
10000
0
4096
0
1089
0
0
0
0
0
0
9
0
0
0
0
0
0
0
0
121
0
0
9409
0
169
0
0
784
1296
0
0
0
1
0
0
0
0
0
196
0
2500
1444
1369
0
784
0
0
0
441
0
0
0
0
0
0
0
0
0
0
0
25
0
0
0
0
64
0
0
0
0
676
441
0
0
0
0
0
0
841
9
0
0
4
0
0
9
4356
0
0
0
0
1296
9216
256
0
0
0
0
0
36
2916
81
100
0
0
0
100
0
0
484
0
0
0
0
0
0
0
0
0
0
0
0
0
0
0
0
484
25
0
0
0
0
0
0
0
2025
81
0
0
0
289
0
49
225
0
36
0
0
0
25
0
0
0
0
529
0
0
0
0
0
0
0
0
121
0
289
0
0
16
0
0
3969
0
25
0
100
0
961
0
0
0
0
0
0
0
0
0
0
0
0
0
0
0
1
36
0
0
0
121
0
0
49
0
0
0
0
0
4
0
0
0
0
0
0
0
324
0
169
0
0
0
0
0
1089
0
0
0
0
0
0
0
0
0
0
3481
0
25
0
0
484
0
0
0
0
0
0
0
0
0
0
0
4
0
0
0
0
0
0
0
0
0
361
0
0
0
900
0
0
784
0
0
0
0
0
0
0
4900
49
0
0
441
0
16
484
0
4761
7569
0
0
0
0
0
169
0
0
49
0
256
0
0
0
0
0
0
0
81
0
0
9
729
0
9
0
0
0
0
0
4
0
484
0
3969
1521
0
1156
0
0
0
0
0
0
0
0
0
0
0
0
324
0
0
0
0
0
0
0
0
0
1
0
0
0
0
0
0
0
0
0
0
2704
0
289
0
0
529
2304
0
0
0
0
0
576
1849
0
0
0
4
0
0
0
0
0
0
529
0
0
0
0
0
1
0
0
0
6241
0
0
0
0
0
0
0
0
0
0
6400
0
144
0
121
0
0
0
0
9
0
0
0
1
529
0
0
0
1156
0
0
841
0
0
0
0
0
0
0
0
0
0
729
0
289
400
0
676
0
0
256
64
0
0
0
0
0
0
0
0
0
2809
0
0
0
0
0
0
4
0
2916
0
0
0
0
0
0
0
0
0
0
0
0
0
0
6889
0
0
0
0
0
0
0
0
676
0
100
9
0
121
0
6241
0
0
0
0
529
0
4
0
0
0
0
0
0
0
0
0
0
0
0
0
0
0
0
0
0
0
6724
0
0
0
0
0
0
0
0
0
0
0
0
0
0
0
0
0
0
0
0
0
0
0
0
1296
0
0
0
36
0
0
0
0
0
0
0
0
0
81
0
0
12996
0
0
0
0
0
256
0
0
36
0
0
0
0
0
0
361
0
0
0
0
0
0
0
0
0
0
0
0
0
0
0
0
36
0
0
0
0
0
0
0
0
1296
0
0
0
0
0
0
0
0
0
0
0
0
0
0
0
16
0
0
0
900
0
0
0
0
0
0
1
0
625
0
0
0
0
4
0
0
0
0
0
0
0
0
0
484
9
3481
6400
0
