----t=184----.
4356
3481
2916
196
3025
0
25
400
196
24649
1225
0
676
3844
3721
0
3969
1849
1764
5476
0
0
0
9801
11664
2209
0
0
1225
2704
4356
1764
0
4489
4225
4624
144
4624
361
289
15625
0
7744
529
0
6400
36
0
1681
1849
1681
0
529
0
400
0
10816
0
1369
2116
169
0
0
8464
841
0
1936
529
289
0
36
19881
81
1156
2500
0
400
625
0
144
2116
5184
3600
2116
7569
23716
4900
4624
5625
1521
625
3969
8649
676
0
6889
1681
121
6241
4900
0
1600
0
2025
2304
21904
5329
2601
121
6561
121
1156
0
31684
0
6084
2304
1521
12100
3721
7225
1024
0
5041
0
4356
1089
225
3600
11449
576
0
1
36
5929
0
729
0
1936
0
1681
10404
28561
144
1444
1369
5476
1936
3136
4900
100
5476
3025
121
1225
0
1600
3600
1089
729
5476
400
11236
1225
3136
0
2704
121
4
1444
3364
0
6241
3600
1225
16
0
0
529
1296
441
21025
0
5329
0
3969
0
0
0
729
0
0
2809
6561
0
4
6084
4225
1444
784
0
9801
25
3721
2025
484
400
0
841
2500
121
5041
4489
10000
2601
0
324
6889
4489
2704
4900
729
2809
1225
0
0
4900
3844
0
1764
100
1
0
1369
100
0
11236
1444
1521
4096
3025
14400
784
484
0
1764
144
2500
1156
4489
2809
6084
19321
3600
784
0
0
100
2401
625
529
6724
16
9025
0
1600
29241
784
0
225
1369
324
1369
2500
10201
28561
36
169
1296
2116
0
144
12769
49
5625
625
0
0
484
144
4900
1681
5041
400
13456
1156
5184
2500
2025
2809
289
6400
5184
900
5329
0
4096
64
8100
441
7225
1521
2304
5476
484
9216
0
576
2704
729
4761
13689
961
676
676
0
529
3136
0
10816
64
0
1156
6724
1369
225
961
1849
0
2401
3481
5041
2401
0
0
29241
256
18225
3364
10816
1936
169
0
4225
0
289
5476
5041
144
2209
2704
0
441
2916
1681
6724
676
1
28224
1444
7056
2025
484
9801
11449
3721
2601
2500
5184
0
0
36
0
0
7225
2916
14641
11881
11664
1369
9801
1600
196
3481
8464
625
0
2116
3249
3969
1089
0
0
5041
729
784
5776
100
3600
1369
2401
6241
1296
0
0
0
9409
8464
0
1764
100
0
256
2025
10000
5476
3844
400
5329
4225
2601
5476
18769
0
2601
16
169
11449
27889
7569
0
0
529
0
256
5929
15625
6400
6561
225
3025
961
6561
4096
1521
8649
225
1089
2116
3364
81
1296
3721
0
0
81
1444
25
0
0
25
576
8649
5776
3364
0
484
2401
3136
841
3969
13456
6400
2500
0
2809
7744
49
6084
7396
9
5929
4489
0
900
5776
0
1
1156
36
8836
1936
2116
4096
0
900
3721
0
2209
6724
3364
7744
1444
1444
5625
1024
2209
17956
625
5776
576
6561
144
10404
0
2916
676
1089
0
3721
0
784
100
0
1225
3481
0
196
0
5184
5929
441
1
2916
6724
576
0
6084
4356
0
0
1089
0
5329
4761
0
0
576
4624
3025
1024
7921
2025
7056
0
0
0
49
0
10816
2500
1936
361
0
0
121
441
4356
0
64
16900
1764
5776
2704
3025
8649
1444
0
1681
900
2601
0
1600
0
0
1024
625
5329
2304
2916
5041
2401
1600
2209
0
16
1849
8100
4225
64
0
10201
900
256
9801
64
169
0
256
1936
361
1089
19881
6084
3721
0
8464
0
5625
8649
5041
19600
24964
0
784
2809
36
169
7056
0
4900
6084
0
7569
529
0
1024
2401
0
3600
2601
6400
900
2916
5476
9604
2116
5476
25
3600
5041
3969
961
5329
49
8649
3844
17956
12100
3136
11025
0
0
0
484
144
144
0
2304
1936
625
3025
9
7921
0
64
0
576
576
0
2916
3844
4356
5184
2916
625
324
4624
484
0
1764
3025
676
1600
15129
0
7744
4761
2704
8836
14161
1225
2500
0
9
4489
9025
12996
3136
2401
0
5329
961
484
1024
0
0
81
8836
529
2809
225
1681
0
5184
0
484
1764
22500
1156
1024
2809
0
441
2601
0
256
0
1849
22801
784
6889
3844
6724
0
441
0
961
5476
1369
676
2401
5184
8836
0
441
784
11025
5041
4900
10000
0
2500
0
3364
5041
196
0
4761
4
1764
9604
484
7744
8281
2601
9409
441
0
7569
6241
784
3721
3249
0
0
0
2116
0
169
15376
0
1089
4356
2209
5041
36
5329
2500
15625
2401
169
1521
3721
2025
1681
225
3136
256
16
441
484
784
3721
23716
1681
1225
324
144
0
1681
0
1
9409
81
6561
5476
3364
6724
625
22500
3364
1600
529
3481
8836
1369
5329
1156
529
36
100
1936
9
4225
1849
0
1521
16
0
1849
841
1296
4096
121
0
2116
23409
0
1681
196
36
289
0
100
361
36
0
1089
4624
3721
0
1225
0
729
196
144
1600
3600
0
0
0
11449
0
0
3249
5929
0
3721
4096
3249
64
1681
1444
900
2916
6400
1600
121
34225
0
1444
2401
3721
1296
7569
0
1764
5929
784
1600
225
1849
841
289
8100
1
36
0
3364
1225
0
2704
2601
0
0
0
0
3844
49
676
0
5929
2916
225
4
1024
1225
0
121
3249
11449
4489
3969
1521
1681
729
3481
784
2704
2025
1156
1681
1521
3249
3136
1089
5625
0
2025
0
10201
0
2601
529
676
361
1936
5184
729
9216
729
196
2025
1521
5329
0
529
256
0
1369
4
0
2025
1296
8649
5476
16900
22801
0
