----t=219----.
10201
8836
7921
2401
8100
841
1600
3025
2401
36864
4900
729
3721
9409
9216
961
9604
6084
5929
11881
0
0
0
17956
20449
6724
0
0
4900
7569
10201
5929
121
10404
10000
10609
2209
10609
2916
2704
25600
0
15129
3364
0
13225
1681
0
5776
6084
5776
81
3364
0
3025
81
19321
625
5184
6561
2304
576
0
16129
4096
0
6241
3364
2704
529
1681
30976
1936
4761
7225
49
3025
3600
144
2209
6561
11449
9025
6561
14884
35721
11025
10609
12100
5476
3600
9604
16384
3721
0
13924
5776
2116
12996
11025
0
5625
0
6400
6889
33489
11664
7396
2116
13456
2116
4761
0
45369
0
12769
6889
5476
21025
9216
14400
4489
0
11236
196
10201
4624
2500
9025
20164
3481
729
1296
1681
12544
0
3844
0
6241
1024
5776
18769
41616
2209
5329
5184
11881
6241
8281
11025
2025
11881
8100
2116
4900
64
5625
9025
4624
3844
11881
3025
19881
4900
8281
625
7569
2116
1369
5329
8649
961
12996
9025
4900
1521
0
0
3364
5041
3136
32400
441
11664
0
9604
784
0
0
3844
1089
0
7744
13456
1225
1369
12769
10000
5329
3969
0
17956
1600
9216
6400
3249
3025
0
4096
7225
2116
11236
10404
18225
7396
0
2809
13924
10404
7569
11025
3844
7744
4900
0
961
11025
9409
0
5929
2025
1296
0
5184
2025
0
19881
5329
5476
9801
8100
24025
3969
3249
121
5929
2209
7225
4761
10404
7744
12769
30276
9025
3969
841
256
2025
7056
3600
3364
13689
1521
16900
0
5625
42436
3969
121
2500
5184
2809
5184
7225
18496
41616
1681
2304
5041
6561
400
2209
21904
1764
12100
3600
1
0
3249
2209
11025
5776
11236
3025
22801
4761
11449
7225
6400
7744
2704
13225
11449
4225
11664
1
9801
1849
15625
3136
14400
5476
6889
11881
3249
17161
0
3481
7569
3844
10816
23104
4356
3721
3721
441
3364
8281
0
19321
1849
1024
4761
13689
5184
2500
4356
6084
324
7056
8836
11236
7056
196
0
42436
2601
28900
8649
19321
6241
2304
961
10000
0
2704
11881
11236
2209
6724
7569
1
3136
7921
5776
13689
3721
1296
41209
5329
14161
6400
3249
17956
20164
9216
7396
7225
11449
1156
225
1681
729
225
14400
7921
24336
20736
20449
5184
17956
5625
2401
8836
16129
3600
144
6561
8464
9604
4624
0
0
11236
3844
3969
12321
2025
9025
5184
7056
12996
5041
0
0
256
17424
16129
0
5929
2025
0
2601
6400
18225
11881
9409
3025
11664
10000
7396
11881
29584
16
7396
1521
2304
20164
40804
14884
144
100
3364
0
2601
12544
25600
13225
13456
2500
8100
4356
13456
9801
5476
16384
2500
4624
6561
8649
1936
5041
9216
1156
1089
1936
5329
1600
0
441
1600
3481
16384
12321
8649
729
3249
7056
8281
4096
9604
22801
13225
7225
1089
7744
15129
1764
12769
14641
1444
12544
10404
0
4225
12321
1
1296
4761
1681
16641
6241
6561
9801
121
4225
9216
0
6724
13689
8649
15129
5329
5329
12100
4489
6724
28561
3600
12321
3481
13456
2209
18769
0
7921
3721
4624
0
9216
0
3969
2025
0
4900
8836
361
2401
729
11449
12544
3136
1296
7921
13689
3481
0
12769
10201
1024
0
4624
0
11664
10816
0
25
3481
10609
8100
4489
15376
6400
14161
1
784
0
1764
784
19321
7225
6241
2916
0
361
2116
3136
10201
0
1849
27225
5929
12321
7569
8100
16384
5329
0
5776
4225
7396
169
5625
625
441
4489
3600
11664
6889
7921
11236
7056
5625
6724
0
1521
6084
15625
10000
1849
81
18496
4225
2601
17956
1849
2304
4
2601
6241
2916
4624
30976
12769
9216
0
16129
256
12100
16384
11236
30625
37249
0
3969
7744
1681
2304
14161
0
11025
12769
0
14884
3364
256
4489
7056
676
9025
7396
13225
4225
7921
11881
17689
6561
11881
1600
9025
11236
9604
4356
11664
1764
16384
9409
28561
21025
8281
19600
0
576
400
3249
2209
2209
0
6889
6241
3600
8100
1444
15376
0
1849
0
3481
3481
1089
7921
9409
10201
11449
7921
3600
2809
10609
3249
0
5929
8100
3721
5625
24964
64
15129
10816
7569
16641
23716
4900
7225
729
1444
10404
16900
22201
8281
7056
0
11664
4356
3249
4489
4
0
1936
16641
3364
7744
2500
5776
0
11449
0
3249
5929
34225
4761
4489
7744
0
3136
7396
0
2601
0
6084
34596
3969
13924
9409
13689
729
3136
0
4356
11881
5184
3721
7056
11449
16641
0
3136
3969
19600
11236
11025
18225
1024
7225
0
8649
11236
2401
0
10816
1369
5929
17689
3249
15129
15876
7396
17424
3136
0
14884
12996
3969
9216
8464
144
0
0
6561
625
2304
25281
784
4624
10201
6724
11236
1681
11664
7225
25600
7056
2304
5476
9216
6400
5776
2500
8281
2601
1521
3136
3249
3969
9216
35721
5776
4900
2809
2209
169
5776
0
1296
17424
1936
13456
11881
8649
13689
3600
34225
8649
5625
3364
8836
16641
5184
11664
4761
3364
1681
2025
6241
1444
10000
6084
1225
5476
1521
64
6084
4096
5041
9801
2116
0
6561
35344
1225
5776
2401
1681
2704
100
2025
2916
1681
49
4624
10609
9216
36
4900
900
3844
2401
2209
5625
9025
0
0
36
20164
0
729
8464
12544
0
9216
9801
8464
1849
5776
5329
4225
7921
13225
5625
2116
48400
81
5329
7056
9216
5041
14884
0
5929
12544
3969
5625
2500
6084
4096
2704
15625
1296
1681
0
8649
4900
0
7569
7396
0
1225
676
121
9409
1764
3721
1225
12544
7921
2500
1369
4489
4900
100
2116
8464
20164
10404
9604
5476
5776
3844
8836
3969
7569
6400
4761
5776
5476
8464
8281
4624
12100
0
6400
1225
18496
900
7396
3364
3721
2916
6241
11449
3844
17161
3844
2401
6400
5476
11664
529
3364
2601
0
5184
1369
49
6400
5041
16384
11881
27225
34596
1089
