----t=137----.
361
144
49
0
64
0
0
0
0
12100
0
0
0
225
196
0
256
0
0
729
0
0
0
2704
3721
0
0
0
0
25
361
0
0
400
324
441
0
441
0
0
6084
0
1681
0
0
1089
0
0
0
0
0
0
0
0
0
0
3249
0
0
0
0
0
0
2025
0
0
0
0
0
0
0
8836
0
0
9
0
0
0
0
0
0
625
169
0
1600
11449
529
441
784
0
0
256
2116
0
0
1296
0
0
1024
529
0
0
0
0
1
10201
676
16
0
1156
0
0
0
17161
0
961
1
0
3969
196
1444
0
0
576
0
361
0
0
169
3600
0
0
0
0
900
0
0
0
0
0
0
3025
14884
0
0
0
729
0
81
529
0
729
64
0
0
0
0
169
0
0
729
0
3481
0
81
0
25
0
0
0
121
0
1024
169
0
0
0
0
0
0
0
9604
0
676
0
256
0
0
0
0
0
0
36
1156
0
0
961
324
0
0
0
2704
0
196
0
0
0
0
0
9
0
576
400
2809
16
0
0
1296
400
25
529
0
36
0
0
0
529
225
0
0
0
0
0
0
0
0
3481
0
0
289
64
5329
0
0
0
0
0
9
0
400
36
961
8464
169
0
0
0
0
4
0
0
1225
0
2304
0
0
15376
0
0
0
0
0
0
9
2916
14884
0
0
0
0
0
0
4356
0
784
0
0
0
0
0
529
0
576
0
4761
0
625
9
0
36
0
1089
625
0
676
0
289
0
1849
0
1444
0
1
729
0
2401
0
0
25
0
484
4900
0
0
0
0
0
81
0
3249
0
0
0
1225
0
0
0
0
0
4
144
576
4
0
0
15376
0
7744
121
3249
0
0
0
324
0
0
729
576
0
0
25
0
0
49
0
1225
0
0
14641
0
1369
0
0
2704
3600
196
16
9
625
0
0
0
0
0
1444
49
5476
3844
3721
0
2704
0
0
144
2025
0
0
0
100
256
0
0
0
576
0
0
841
0
169
0
4
1024
0
0
0
0
2500
2025
0
0
0
0
0
0
2809
729
225
0
676
324
16
729
8100
0
16
0
0
3600
14400
1600
0
0
0
0
0
900
6084
1089
1156
0
64
0
1156
289
0
2116
0
0
0
121
0
0
196
0
0
0
0
0
0
0
0
0
2116
841
121
0
0
4
81
0
256
4761
1089
9
0
36
1681
0
961
1521
0
900
400
0
0
841
0
0
0
0
2209
0
0
289
0
0
196
0
0
1225
121
1681
0
0
784
0
0
7569
0
841
0
1156
0
3025
0
49
0
0
0
196
0
0
0
0
0
144
0
0
0
625
900
0
0
49
1225
0
0
961
361
0
0
0
0
676
484
0
0
0
441
64
0
1764
0
1369
0
0
0
0
0
3249
9
0
0
0
0
0
0
361
0
0
6889
0
841
25
64
2116
0
0
0
0
16
0
0
0
0
0
0
676
1
49
576
4
0
0
0
0
0
1849
324
0
0
2916
0
0
2704
0
0
0
0
0
0
0
8836
961
196
0
2025
0
784
2116
576
8649
12321
0
0
36
0
0
1369
0
529
961
0
1600
0
0
0
4
0
169
16
1089
0
49
729
2601
0
729
0
169
576
256
0
676
0
2116
225
7569
3969
81
3364
0
0
0
0
0
0
0
1
0
0
64
0
1764
0
0
0
0
0
0
49
225
361
625
49
0
0
441
0
0
0
64
0
0
5776
0
1681
484
25
2209
5184
0
9
0
0
400
2304
4489
81
4
0
676
0
0
0
0
0
0
2209
0
36
0
0
0
625
0
0
0
10609
0
0
36
0
0
16
0
0
0
0
10816
0
1296
225
1225
0
0
0
0
729
0
0
4
625
2209
0
0
0
3364
576
529
2809
0
9
0
121
576
0
0
484
0
0
2601
0
1681
1936
16
2500
0
0
1600
1024
0
196
100
0
0
0
0
0
0
5929
0
0
361
0
576
0
676
9
6084
4
0
0
196
0
0
0
81
0
0
0
0
0
196
11449
0
0
0
0
0
0
0
0
2500
0
1156
729
121
1225
0
10609
121
0
0
144
2209
0
676
0
0
0
0
0
0
324
0
0
0
0
0
0
0
0
289
0
0
0
11236
0
0
0
0
0
0
0
0
0
0
0
441
196
0
0
0
0
0
0
0
169
0
0
0
3600
0
0
100
900
0
196
289
100
0
0
0
0
49
1089
0
0
19044
0
0
4
196
0
1600
0
0
900
0
0
0
0
0
0
1849
0
0
0
121
0
0
25
16
0
0
0
0
225
0
0
0
900
49
0
0
0
0
0
0
100
3600
400
256
0
0
0
144
0
25
0
0
0
0
100
81
0
784
0
0
0
2916
0
16
0
0
0
0
625
0
2401
0
0
0
0
676
0
0
0
0
0
0
0
0
0
2116
729
6889
10816
0
