----t=158----.
1600
1089
784
0
841
0
0
0
0
17161
81
0
0
1296
1225
0
1369
289
256
2304
0
0
0
5329
6724
441
0
0
81
676
1600
256
0
1681
1521
1764
0
1764
0
0
9801
0
3844
0
0
2916
0
0
225
289
225
0
0
0
0
0
6084
0
121
400
0
0
0
4356
9
0
324
0
0
0
0
13225
0
64
576
0
0
0
0
0
400
2116
1156
400
3721
16384
1936
1764
2401
169
0
1369
4489
0
0
3249
225
0
2809
1936
0
196
0
361
484
14884
2209
625
0
3025
0
64
0
23104
0
2704
484
169
7056
1225
3481
36
0
2025
0
1600
49
0
1156
6561
0
0
0
0
2601
0
1
0
324
0
225
5776
20449
0
144
121
2304
324
900
1936
0
2304
841
0
81
0
196
1156
49
1
2304
0
6400
81
900
0
676
0
0
144
1024
0
2809
1156
81
0
0
0
0
100
0
14161
0
2209
0
1369
0
0
0
1
0
0
729
3025
0
0
2704
1521
144
4
0
5329
0
1225
361
0
0
0
9
576
0
2025
1681
5476
625
0
0
3249
1681
676
1936
1
729
81
0
0
1936
1296
0
256
0
0
0
121
0
0
6400
144
169
1444
841
8836
4
0
0
256
0
576
64
1681
729
2704
12769
1156
4
0
0
0
529
0
0
3136
0
4761
0
196
21025
4
0
0
121
0
121
576
5625
20449
0
0
100
400
0
0
7569
0
2401
0
0
0
0
0
1936
225
2025
0
8100
64
2116
576
361
729
0
2916
2116
16
2209
0
1444
0
4096
0
3481
169
484
2304
0
4900
0
0
676
1
1849
8281
25
0
0
0
0
900
0
6084
0
0
64
3136
121
0
25
289
0
529
1089
2025
529
0
0
21025
0
11881
1024
6084
324
0
0
1521
0
0
2304
2025
0
441
676
0
0
784
225
3136
0
0
20164
144
3364
361
0
5329
6561
1225
625
576
2116
0
0
0
0
0
3481
784
9025
6889
6724
121
5329
196
0
1089
4356
0
0
400
961
1369
49
0
0
2025
1
4
2500
0
1156
121
529
2809
100
0
0
0
5041
4356
0
256
0
0
0
361
5476
2304
1296
0
2209
1521
625
2304
12321
0
625
0
0
6561
19881
3721
0
0
0
0
0
2601
9801
2916
3025
0
841
25
3025
1444
169
4489
0
49
400
1024
0
100
1225
0
0
0
144
0
0
0
0
0
4489
2500
1024
0
0
529
900
9
1369
8100
2916
576
0
729
3844
0
2704
3600
0
2601
1681
0
16
2500
0
0
64
0
4624
324
400
1444
0
16
1225
0
441
3136
1024
3844
144
144
2401
36
441
11664
0
2500
0
3025
0
5776
0
784
0
49
0
1225
0
4
0
0
81
1089
0
0
0
2116
2601
0
0
784
3136
0
0
2704
1600
0
0
49
0
2209
1849
0
0
0
1764
841
36
3969
361
3364
0
0
0
0
0
6084
576
324
0
0
0
0
0
1600
0
0
10816
256
2500
676
841
4489
144
0
225
16
625
0
196
0
0
36
0
2209
484
784
2025
529
196
441
0
0
289
4096
1521
0
0
5625
16
0
5329
0
0
0
0
324
0
49
13225
2704
1225
0
4356
0
2401
4489
2025
12996
17424
0
4
729
0
0
3364
0
1936
2704
0
3721
0
0
36
529
0
1156
625
2916
16
784
2304
5184
400
2304
0
1156
2025
1369
25
2209
0
4489
1296
11664
7056
900
6241
0
0
0
0
0
0
0
484
324
0
841
0
3969
0
0
0
0
0
0
784
1296
1600
2116
784
0
0
1764
0
0
256
841
0
196
9409
0
3844
1849
676
4624
8649
81
576
0
0
1681
4761
7744
900
529
0
2209
25
0
36
0
0
0
4624
0
729
0
225
0
2116
0
0
256
15376
64
36
729
0
0
625
0
0
0
289
15625
4
3249
1296
3136
0
0
0
25
2304
121
0
529
2116
4624
0
0
4
6241
2025
1936
5476
0
576
0
1024
2025
0
0
1849
0
256
5184
0
3844
4225
625
5041
0
0
3721
2809
4
1225
961
0
0
0
400
0
0
9604
0
49
1600
441
2025
0
2209
576
9801
529
0
169
1225
361
225
0
900
0
0
0
0
4
1225
16384
225
81
0
0
0
225
0
0
5041
0
3025
2304
1024
3136
0
15376
1024
196
0
1089
4624
121
2209
64
0
0
0
324
0
1521
289
0
169
0
0
289
9
100
1444
0
0
400
16129
0
225
0
0
0
0
0
0
0
0
49
1764
1225
0
81
0
1
0
0
196
1156
0
0
0
6561
0
0
961
2601
0
1225
1444
961
0
225
144
16
784
2916
196
0
25281
0
144
529
1225
100
3721
0
256
2601
4
196
0
289
9
0
4096
0
0
0
1024
81
0
676
625
0
0
0
0
1296
0
0
0
2601
784
0
0
36
81
0
0
961
6561
1681
1369
169
225
1
1089
4
676
361
64
225
169
961
900
49
2401
0
361
0
5625
0
625
0
0
0
324
2116
1
4900
1
0
361
169
2209
0
0
0
0
121
0
0
361
100
4489
2304
10816
15625
0
