----t=147----.
841
484
289
0
324
0
0
0
0
14400
0
0
0
625
576
0
676
36
25
1369
0
0
0
3844
5041
100
0
0
0
225
841
25
0
900
784
961
0
961
0
0
7744
0
2601
0
0
1849
0
0
16
36
16
0
0
0
0
0
4489
0
0
81
0
0
0
3025
0
0
49
0
0
0
0
10816
0
0
169
0
0
0
0
0
81
1225
529
81
2500
13689
1089
961
1444
4
0
676
3136
0
0
2116
16
0
1764
1089
0
9
0
64
121
12321
1296
196
0
1936
0
0
0
19881
0
1681
121
4
5329
576
2304
0
0
1156
0
841
0
0
529
4900
0
0
0
0
1600
0
0
0
49
0
16
4225
17424
0
1
0
1369
49
361
1089
0
1369
324
0
0
0
9
529
0
0
1369
0
4761
0
361
0
225
0
0
1
441
0
1764
529
0
0
0
0
0
0
0
11664
0
1296
0
676
0
0
0
0
0
0
256
1936
0
0
1681
784
1
0
0
3844
0
576
64
0
0
0
0
169
0
1156
900
3969
196
0
0
2116
900
225
1089
0
256
0
0
0
1089
625
0
25
0
0
0
0
0
0
4761
1
4
729
324
6889
0
0
0
25
0
169
0
900
256
1681
10404
529
0
0
0
0
144
0
0
2025
0
3364
0
9
17956
0
0
0
0
0
0
169
4096
17424
0
0
0
81
0
0
5776
0
1444
0
0
0
0
0
1089
16
1156
0
6241
0
1225
169
64
256
0
1849
1225
0
1296
0
729
0
2809
0
2304
4
121
1369
0
3481
0
0
225
0
1024
6400
0
0
0
0
0
361
0
4489
0
0
0
2025
0
0
0
36
0
144
484
1156
144
0
0
17956
0
9604
441
4489
49
0
0
784
0
0
1369
1156
0
100
225
0
0
289
16
2025
0
0
17161
1
2209
64
0
3844
4900
576
196
169
1225
0
0
0
0
0
2304
289
7056
5184
5041
0
3844
9
0
484
3025
0
0
81
400
676
0
0
0
1156
0
0
1521
0
529
0
144
1764
0
0
0
0
3600
3025
0
25
0
0
0
64
3969
1369
625
0
1296
784
196
1369
10000
0
196
0
0
4900
16900
2500
0
0
0
0
0
1600
7744
1849
1936
0
324
0
1936
729
4
3136
0
0
81
441
0
0
576
0
0
0
1
0
0
0
0
0
3136
1521
441
0
0
144
361
0
676
6241
1849
169
0
256
2601
0
1681
2401
0
1600
900
0
0
1521
0
0
0
0
3249
49
81
729
0
0
576
0
100
2025
441
2601
1
1
1444
0
100
9409
0
1521
0
1936
0
4225
0
289
0
0
0
576
0
0
0
0
0
484
0
0
0
1225
1600
0
0
289
2025
0
0
1681
841
0
0
0
0
1296
1024
0
0
0
961
324
0
2704
64
2209
0
0
0
0
0
4489
169
49
0
0
0
0
0
841
0
0
8649
25
1521
225
324
3136
1
0
16
0
196
0
9
0
0
0
0
1296
121
289
1156
144
9
100
0
0
36
2809
784
0
0
4096
0
0
3844
0
0
0
0
49
0
0
10816
1681
576
0
3025
0
1444
3136
1156
10609
14641
0
0
256
0
0
2209
0
1089
1681
0
2500
0
0
0
144
0
529
196
1849
0
289
1369
3721
81
1369
0
529
1156
676
0
1296
0
3136
625
9409
5329
361
4624
0
0
0
0
0
0
0
121
49
0
324
0
2704
0
0
0
0
0
0
289
625
841
1225
289
0
0
961
0
0
25
324
0
9
7396
0
2601
1024
225
3249
6724
0
169
0
0
900
3364
5929
361
144
0
1296
0
0
0
0
0
0
3249
0
256
0
16
0
1225
0
0
25
12769
0
0
256
0
0
196
0
0
0
36
12996
0
2116
625
2025
0
0
0
0
1369
0
0
144
1225
3249
0
0
0
4624
1156
1089
3969
0
169
0
441
1156
0
0
1024
0
25
3721
0
2601
2916
196
3600
0
0
2500
1764
0
576
400
0
0
0
81
0
0
7569
0
0
841
100
1156
0
1296
169
7744
144
0
4
576
64
16
0
361
0
0
0
0
0
576
13689
16
0
0
0
0
16
0
0
3600
0
1936
1369
441
2025
0
12769
441
9
0
484
3249
0
1296
0
0
0
0
49
0
784
36
0
4
0
0
36
0
0
729
0
0
81
13456
0
16
0
0
0
0
0
0
0
0
0
961
576
0
0
0
0
0
0
9
529
0
0
0
4900
0
0
400
1600
0
576
729
400
0
16
1
0
289
1849
9
0
21904
0
1
144
576
0
2500
0
25
1600
0
9
0
36
0
0
2809
0
0
0
441
0
0
225
196
0
0
0
0
625
0
0
0
1600
289
0
0
0
0
0
0
400
4900
900
676
4
16
0
484
0
225
64
0
16
4
400
361
0
1444
0
64
0
4096
0
196
0
0
0
49
1225
0
3481
0
0
64
4
1296
0
0
0
0
0
0
0
64
0
3136
1369
8649
12996
0
