----t=126----.
64
1
0
0
0
0
0
0
0
9801
0
0
0
16
9
0
25
0
0
256
0
0
0
1681
2500
0
0
0
0
0
64
0
0
81
49
100
0
100
0
0
4489
0
900
0
0
484
0
0
0
0
0
0
0
0
0
0
2116
0
0
0
0
0
0
1156
0
0
0
0
0
0
0
6889
0
0
0
0
0
0
0
0
0
196
4
0
841
9216
144
100
289
0
0
25
1225
0
0
625
0
0
441
144
0
0
0
0
0
8100
225
0
0
529
0
0
0
14400
0
400
0
0
2704
9
729
0
0
169
0
64
0
0
4
2401
0
0
0
0
361
0
0
0
0
0
0
1936
12321
0
0
0
256
0
0
144
0
256
0
0
0
0
0
4
0
0
256
0
2304
0
0
0
0
0
0
0
0
0
441
4
0
0
0
0
0
0
0
7569
0
225
0
25
0
0
0
0
0
0
0
529
0
0
400
49
0
0
0
1681
0
9
0
0
0
0
0
0
0
169
81
1764
0
0
0
625
81
0
144
0
0
0
0
0
144
16
0
0
0
0
0
0
0
0
2304
0
0
36
0
3844
0
0
0
0
0
0
0
81
0
400
6561
4
0
0
0
0
0
0
0
576
0
1369
0
0
12769
0
0
0
0
0
0
0
1849
12321
0
0
0
0
0
0
3025
0
289
0
0
0
0
0
144
0
169
0
3364
0
196
0
0
0
0
484
196
0
225
0
36
0
1024
0
729
0
0
256
0
1444
0
0
0
0
121
3481
0
0
0
0
0
0
0
2116
0
0
0
576
0
0
0
0
0
0
1
169
0
0
0
12769
0
5929
0
2116
0
0
0
49
0
0
256
169
0
0
0
0
0
0
0
576
0
0
12100
0
676
0
0
1681
2401
9
0
0
196
0
0
0
0
0
729
0
3969
2601
2500
0
1681
0
0
1
1156
0
0
0
0
25
0
0
0
169
0
0
324
0
4
0
0
441
0
0
0
0
1521
1156
0
0
0
0
0
0
1764
256
16
0
225
49
0
256
6241
0
0
0
0
2401
11881
841
0
0
0
0
0
361
4489
484
529
0
0
0
529
36
0
1225
0
0
0
0
0
0
9
0
0
0
0
0
0
0
0
0
1225
324
0
0
0
0
0
0
25
3364
484
0
0
0
900
0
400
784
0
361
81
0
0
324
0
0
0
0
1296
0
0
36
0
0
9
0
0
576
0
900
0
0
289
0
0
5776
0
324
0
529
0
1936
0
0
0
0
0
9
0
0
0
0
0
1
0
0
0
196
361
0
0
0
576
0
0
400
64
0
0
0
0
225
121
0
0
0
100
0
0
961
0
676
0
0
0
0
0
2116
0
0
0
0
0
0
0
64
0
0
5184
0
324
0
0
1225
0
0
0
0
0
0
0
0
0
0
0
225
0
0
169
0
0
0
0
0
0
1024
49
0
0
1849
0
0
1681
0
0
0
0
0
0
0
6889
400
9
0
1156
0
289
1225
169
6724
10000
0
0
0
0
0
676
0
144
400
0
841
0
0
0
0
0
4
0
484
0
0
256
1600
0
256
0
4
169
25
0
225
0
1225
16
5776
2704
0
2209
0
0
0
0
0
0
0
0
0
0
0
0
961
0
0
0
0
0
0
0
16
64
196
0
0
0
100
0
0
0
0
0
0
4225
0
900
121
0
1296
3721
0
0
0
0
81
1369
3136
0
0
0
225
0
0
0
0
0
0
1296
0
0
0
0
0
196
0
0
0
8464
0
0
0
0
0
0
0
0
0
0
8649
0
625
16
576
0
0
0
0
256
0
0
0
196
1296
0
0
0
2209
169
144
1764
0
0
0
0
169
0
0
121
0
0
1600
0
900
1089
0
1521
0
0
841
441
0
9
0
0
0
0
0
0
0
4356
0
0
64
0
169
0
225
0
4489
0
0
0
9
0
0
0
0
0
0
0
0
0
9
9216
0
0
0
0
0
0
0
0
1521
0
529
256
0
576
0
8464
0
0
0
1
1296
0
225
0
0
0
0
0
0
49
0
0
0
0
0
0
0
0
36
0
0
0
9025
0
0
0
0
0
0
0
0
0
0
0
100
9
0
0
0
0
0
0
0
4
0
0
0
2401
0
0
0
361
0
9
36
0
0
0
0
0
0
484
0
0
16129
0
0
0
9
0
841
0
0
361
0
0
0
0
0
0
1024
0
0
0
0
0
0
0
0
0
0
0
0
16
0
0
0
361
0
0
0
0
0
0
0
0
2401
81
25
0
0
0
1
0
0
0
0
0
0
0
0
0
289
0
0
0
1849
0
0
0
0
0
0
196
0
1444
0
0
0
0
225
0
0
0
0
0
0
0
0
0
1225
256
5184
8649
0
