----t=95----.
0
0
0
0
0
0
0
0
0
4624
0
0
0
0
0
0
0
0
0
0
0
0
0
100
361
0
0
0
0
0
0
0
0
0
0
0
0
0
0
0
1296
0
0
0
0
0
0
0
0
0
0
0
0
0
0
0
225
0
0
0
0
0
0
9
0
0
0
0
0
0
0
2704
0
0
0
0
0
0
0
0
0
0
0
0
0
4225
0
0
0
0
0
0
16
0
0
0
0
0
0
0
0
0
0
0
0
3481
0
0
0
0
0
0
0
7921
0
0
0
0
441
0
0
0
0
0
0
0
0
0
0
324
0
0
0
0
0
0
0
0
0
0
0
169
6400
0
0
0
0
0
0
0
0
0
0
0
0
0
0
0
0
0
0
0
289
0
0
0
0
0
0
0
0
0
0
0
0
0
0
0
0
0
0
3136
0
0
0
0
0
0
0
0
0
0
0
0
0
0
0
0
0
0
0
100
0
0
0
0
0
0
0
0
0
0
0
121
0
0
0
0
0
0
0
0
0
0
0
0
0
0
0
0
0
0
0
0
0
0
289
0
0
0
0
961
0
0
0
0
0
0
0
0
0
0
2500
0
0
0
0
0
0
0
0
0
0
36
0
0
6724
0
0
0
0
0
0
0
144
6400
0
0
0
0
0
0
576
0
0
0
0
0
0
0
0
0
0
0
729
0
0
0
0
0
0
0
0
0
0
0
0
0
1
0
0
0
0
0
0
49
0
0
0
0
0
784
0
0
0
0
0
0
0
225
0
0
0
0
0
0
0
0
0
0
0
0
0
0
0
6724
0
2116
0
225
0
0
0
0
0
0
0
0
0
0
0
0
0
0
0
0
0
0
6241
0
0
0
0
100
324
0
0
0
0
0
0
0
0
0
0
0
1024
400
361
0
100
0
0
0
9
0
0
0
0
0
0
0
0
0
0
0
0
0
0
0
0
0
0
0
0
0
64
9
0
0
0
0
0
0
121
0
0
0
0
0
0
0
2304
0
0
0
0
324
6084
0
0
0
0
0
0
0
1296
0
0
0
0
0
0
0
0
16
0
0
0
0
0
0
0
0
0
0
0
0
0
0
0
0
16
0
0
0
0
0
0
0
0
729
0
0
0
0
0
0
0
0
0
0
0
0
0
0
0
0
0
0
25
0
0
0
0
0
0
0
0
0
0
0
0
0
0
0
0
2025
0
0
0
0
0
169
0
0
0
0
0
0
0
0
0
0
0
0
0
0
0
0
0
0
0
0
0
0
0
0
0
0
0
0
0
0
0
0
0
0
0
0
0
0
0
0
0
0
0
0
0
225
0
0
0
0
0
0
0
0
0
0
1681
0
0
0
0
16
0
0
0
0
0
0
0
0
0
0
0
0
0
0
0
0
0
0
0
0
0
1
0
0
0
144
0
0
100
0
0
0
0
0
0
0
2704
0
0
0
9
0
0
16
0
2601
4761
0
0
0
0
0
0
0
0
0
0
0
0
0
0
0
0
0
0
0
0
0
0
81
0
0
0
0
0
0
0
0
0
16
0
2025
441
0
256
0
0
0
0
0
0
0
0
0
0
0
0
0
0
0
0
0
0
0
0
0
0
0
0
0
0
0
0
0
0
0
0
0
1156
0
0
0
0
25
900
0
0
0
0
0
36
625
0
0
0
0
0
0
0
0
0
0
25
0
0
0
0
0
0
0
0
0
3721
0
0
0
0
0
0
0
0
0
0
3844
0
0
0
0
0
0
0
0
0
0
0
0
0
25
0
0
0
256
0
0
121
0
0
0
0
0
0
0
0
0
0
81
0
0
4
0
64
0
0
0
0
0
0
0
0
0
0
0
0
0
1225
0
0
0
0
0
0
0
0
1296
0
0
0
0
0
0
0
0
0
0
0
0
0
0
4225
0
0
0
0
0
0
0
0
64
0
0
0
0
0
0
3721
0
0
0
0
25
0
0
0
0
0
0
0
0
0
0
0
0
0
0
0
0
0
0
0
0
0
4096
0
0
0
0
0
0
0
0
0
0
0
0
0
0
0
0
0
0
0
0
0
0
0
0
324
0
0
0
0
0
0
0
0
0
0
0
0
0
0
0
0
9216
0
0
0
0
0
0
0
0
0
0
0
0
0
0
0
1
0
0
0
0
0
0
0
0
0
0
0
0
0
0
0
0
0
0
0
0
0
0
0
0
0
324
0
0
0
0
0
0
0
0
0
0
0
0
0
0
0
0
0
0
0
144
0
0
0
0
0
0
0
0
49
0
0
0
0
0
0
0
0
0
0
0
0
0
0
16
0
1681
3844
0
